# 3D point list with one line of data per point:
#   POINT3D_ID, X, Y, Z, R, G, B, ERROR, TRACK[] as (IMAGE_ID, POINT2D_IDX)
# Number of points: 914, mean track length: 2
1 0.23701746036021476 -5.3157971301709486 169.70617736054314 87 85 88 0.0046525457581474295 11 2 6 1
2 -0.017970823501802458 -5.2298237469226132 169.60774013635634 60 58 62 0.073525358638782096 11 3 6 3
8 0.29878895249792914 -2.9424272963737046 169.73941884510927 99 100 105 0.07219442348920227 11 4209 6 14
10 0.35603781031203907 -2.8228520602295082 169.59393193870821 32 32 34 0.16831248491917425 11 20 6 17
11 1.7822083393218962 -2.5602790707987331 169.2227952091385 40 40 41 0.18446816909159458 11 23 6 20
16 2.1035703681868392 -1.4998579732941044 169.39920679580203 129 128 104 0.04890776620282479 11 37 6 39
17 2.6904646012029416 -1.3025009313174749 169.68318261423894 34 31 24 0.26793940120172888 11 50 6 47
20 2.0745080426026972 -1.1706199302835483 169.23082481096071 129 128 108 0.032651916254490772 11 56 6 51
24 2.0502651678562676 -0.83148629165769539 169.4774789360815 245 247 225 0.13716510750234895 11 76 6 78
26 2.0114932327072839 -0.53535566873159024 168.62612397905269 80 77 68 0.65997447287936184 11 107 6 102
31 10.614590219727592 0.022684643399653925 168.61714746025407 72 71 53 0.42663243834368503 11 194 6 164
32 2.8642421807407623 0.19550043766732611 169.27733289737111 151 127 104 0.1218816396998133 11 217 6 198
33 10.835478046702233 0.40458548773129371 168.46894245934902 41 39 21 0.11014690231854207 11 276 6 223
41 11.216654772501364 0.9034761785940455 168.34092570438472 82 81 61 0.14754018285306414 11 382 6 312
43 10.579486004741533 0.92582929684190596 168.63876173358744 60 59 38 0.0041703026597337996 11 381 6 320
45 2.4005949016881827 1.1120012296310202 169.29744661855929 78 72 55 0.010530342949960018 11 405 6 354
53 10.512875805090351 1.8320057564101568 168.65466971995522 85 84 56 0.25370372284673204 11 636 6 514
54 1.9403511734204009 1.960872509610736 169.12229223465772 57 56 26 0.097858261499050081 11 633 6 527
55 1.9403511734204009 1.960872509610736 169.12229223465772 57 56 26 0.097858261499050081 11 634 6 528
56 11.293847450546922 1.9607263955535337 168.34657484737923 89 87 63 0.24782592638933534 11 672 6 530
58 11.182533837589206 1.9898771378087492 168.53040388696428 141 139 114 0.11054378145534577 11 4730 6 537
60 5.897278251774158 2.0861106703053958 169.25928941414557 159 135 94 0.11839125026561428 11 674 6 570
61 6.9296852754225648 2.1465947894995723 169.20742806122681 246 251 90 0.32951939952583709 11 704 6 587
63 7.2102582553677506 2.1603657083906374 168.83832422536184 242 249 80 0.030248939604588007 11 4751 6 593
66 8.5942640911733719 2.2801116919103777 168.84967827299272 245 244 101 0.021680616285901573 11 761 6 615
67 11.279475367570724 2.3272519358977104 168.42233981012799 89 88 60 0.11660906442969704 11 788 6 630
70 9.5062421230584349 2.3544305788006872 168.1085774410291 238 243 92 0.32437417089264914 11 785 6 646
86 10.487073635111857 3.0243799645964331 168.65436174800345 34 32 11 0.1220397285699575 11 986 6 816
87 10.487073635111857 3.0243799645964331 168.65436174800345 34 32 11 0.1220397285699575 11 987 6 817
92 10.66365862740877 3.1445753054464691 168.59595388708769 49 47 26 0.025124839917384928 11 1018 6 844
101 10.453897229682903 3.3305055116251063 168.65326175388293 68 66 44 0.076388921552657335 11 1087 6 905
104 5.0569220216655317 3.4249808313004788 169.00565470104902 152 125 98 0.26878106414093439 11 1079 6 923
105 6.6212750300637353 3.4409369537984635 169.42726795100037 157 142 101 0.30778898583062131 11 1094 6 924
111 11.187897431685567 3.5234202765503442 168.35066671178902 86 84 59 0.15997543039718709 11 1133 6 968
118 5.6156378098547188 3.6218362433375844 168.97689771172887 155 143 115 0.46831244370091685 11 5043 6 983
119 5.6156378098547188 3.6218362433375844 168.97689771172887 155 143 115 0.46831244370091685 11 5044 6 984
121 6.834916932338059 3.6676548600867678 168.95550205086843 165 166 131 0.17875302635730853 11 1153 6 1001
122 10.450265156381686 3.6334577151441856 168.76862656473605 46 45 24 0.059632375735965359 11 1169 6 1002
124 6.9718880541195265 3.6655087765349141 168.71227516371161 160 162 125 0.088629751012798089 11 1154 6 1009
125 4.940582835319324 3.700409072946365 168.78423664828168 131 124 103 0.019882512599135094 11 5059 6 1016
127 5.4668915182216615 3.7101053088426461 168.19300654291652 97 94 63 0.41852470049845314 11 1158 6 1020
132 4.8129307825726713 3.7933872269420545 168.84736289236002 41 41 27 0.14028695434862962 11 1175 6 1037
136 6.6084987773970694 3.8463470061174365 169.12101512843702 114 115 91 0.23738103576560665 11 1205 6 1058
142 5.8897999890366943 3.9370871599238768 169.36176246945783 47 61 38 0.32664456528695485 11 1215 6 1088
146 3.7104045459337156 4.0168065894111393 169.26033552106043 88 83 79 0.10579601132576696 11 5115 6 1104
147 6.1312526204740854 3.9933911169661487 168.85099009115498 78 91 73 0.015445513722816696 11 1236 6 1105
148 9.2918608651757886 3.9354734158756646 168.22243253505349 142 116 103 0.90342024013204214 11 5117 6 1106
150 7.4053808775321377 4.0287452002785722 168.86277575785849 222 226 191 0.011814362955455716 11 1252 6 1116
153 8.1152017759010491 4.068611387648855 168.6243106213995 73 89 43 0.20773485752657991 11 1259 6 1130
158 4.0003069785319481 4.3292290193645453 169.26998828020822 60 60 33 0.041760991389417447 11 1299 6 1193
159 5.8591464694301942 4.377026098482844 169.41173726506818 99 104 82 0.19400288150010309 11 1328 6 1196
160 6.0324671960236129 4.3836636914967144 168.99430401647425 110 119 102 0.10782960714682721 11 1329 6 1200
161 5.7127150917967517 4.4094659131237384 168.94986905902726 65 67 45 0.14052749947469451 11 1334 6 1202
162 4.5675117942887171 4.4457396493037624 169.22322299263584 172 176 149 0.067013630160040305 11 1333 6 1206
165 5.9505699169563826 4.4980269509980104 169.41211756952731 38 48 23 0.0081347099934433453 11 1355 6 1217
169 10.389895214099857 4.5318085557077881 168.6285499584215 47 46 28 0.0037397880843998122 11 1388 6 1240
170 5.7824087109158491 4.5866014795271104 168.09409119080965 96 107 74 0.010136218345874692 11 1377 6 1250
174 8.1967299131741669 4.6699619222053119 168.6061690248761 65 68 56 0.29928397837610077 11 1409 6 1270
177 10.353366401656146 4.8347667704079145 168.43656087021648 48 47 26 0.15768940430565073 11 1474 6 1316
179 6.1139624323206458 4.9210234139664877 168.98872253465049 167 173 147 0.016384555659755867 11 1455 6 1328
180 5.0740778361204519 4.977577541520029 169.24896952117203 34 46 24 0.4721205232392528 11 1465 6 1340
184 8.1265608900204835 5.0015411647974259 168.96081266946064 83 83 71 0.026554722061430017 11 1505 6 1353
188 7.606328320446532 5.1333451907057244 168.74898526394784 13 13 2 0.20058134369604139 11 1541 6 1383
190 10.338207512555739 5.1319967883937201 168.55244171090601 43 43 19 0.006954678681763863 11 1556 6 1395
195 7.9661381467917503 5.2893080838073283 168.84715839046677 43 41 29 0.099381101688513232 11 1588 6 1433
196 6.2444035030754508 5.3676155419824552 169.14434726317646 12 12 2 0.16132652300574285 11 1591 6 1445
197 8.7055472615923719 5.3583665999696866 168.31421934582374 238 237 233 0.2202349118749462 11 1605 6 1452
198 8.7055472615923719 5.3583665999696866 168.31421934582374 238 237 233 0.2202349118749462 11 1604 6 1453
200 5.6722792216143301 5.4772341098364778 169.18379555220764 51 52 44 0.093323782405087194 11 5419 6 1474
201 7.5823043261019647 5.4603856818716849 168.75252497142358 15 13 1 0.094994924587554985 11 1616 6 1475
202 8.8807356107959929 5.4209203387944935 168.3281593051903 59 58 40 0.19638977070033928 11 1618 6 1477
203 11.178532954278271 5.4568739618635282 168.32952224710203 143 142 114 0.074928950811600448 11 5444 6 1491
205 4.6714354951332817 5.6086246447627151 168.93184956787928 11 13 2 0.21773948168317753 11 1630 6 1516
206 7.9418914843644925 5.6258045317302789 168.8576776813884 35 36 22 0.24218557530727819 11 1659 6 1521
207 3.9975321065639813 5.682253645260821 169.11602275128701 32 32 22 0.079553746382476476 11 1648 6 1526
209 7.7173012071080214 5.6799329688373357 168.68701976693541 30 30 18 0.26304571068338312 11 1676 6 1537
210 9.4841135750420023 5.6895135027741892 168.65446085047029 48 44 35 0.023614303961776759 11 5485 6 1545
214 3.9746675927963446 6.0034051238886903 169.070194049055 31 31 21 0.17008778173044081 11 1732 6 1612
216 4.6056418170829492 6.0531423808329246 168.96972824235476 60 61 50 0.23750057841810157 11 1743 6 1622
220 6.5273325670933664 6.0499004792284241 168.72488013581622 15 15 5 0.061912307053711195 11 5549 6 1632
224 9.7547098775293701 6.1732414973125902 168.41947885992823 106 104 92 0.078626158435564447 11 1823 6 1686
226 3.3122768588035409 6.2519389451506591 168.12478020548656 27 27 19 0.15461439154483969 11 1800 6 1692
227 3.7502805886773896 6.2756352847770156 168.19931719684035 46 48 37 0.1052899324891475 11 1812 6 1697
228 10.358990036654488 6.2825775280952438 168.46801699434258 130 130 102 0.42728415356438415 11 5612 6 1713
230 10.249338013080649 6.330832717670674 168.41918876710187 37 37 11 0.070132387177351513 11 1862 6 1724
233 8.0033615376863807 6.5059311544457579 168.79439305619528 33 33 21 0.0050047111442953138 11 1887 6 1753
234 9.7338418917221432 6.4780676809410593 168.42314320271413 106 104 92 0.13407717834319524 11 1896 6 1760
235 3.937337313376899 6.6637780216499705 168.98652822622017 32 32 22 0.08741307116214804 11 1897 6 1785
236 8.0730681003315485 6.6063620549850661 168.59466830848029 92 93 77 0.0605347692963773 11 1914 6 1786
237 6.1415720062789898 6.6799696114116589 168.92290164479536 17 17 7 0.26959530072586574 11 1920 6 1792
238 8.3632540413441649 6.7307884820403521 168.57676970713149 6 6 0 0.048864609033216946 11 5707 6 1809
239 5.247676912207262 6.8381723292266443 168.86299283136697 48 49 41 0.32690927959708493 11 1944 6 1827
241 4.1599099551038226 6.8760024751083009 168.82169842283662 27 28 14 0.22328661535235522 11 1943 6 1833
243 7.457251226784618 7.0982901896338051 168.63410806291515 14 12 0 0.21296253100334928 11 2017 6 1906
250 11.038811682483356 7.1594671829428416 168.18261848906178 127 124 91 0.17848018135013627 11 2068 6 1939
253 5.6132169506462199 7.2914393943363702 168.48798570313713 22 21 16 0.084869863716619975 11 2054 6 1953
256 8.5255496646104021 7.3322962003468257 168.39698202189942 67 67 55 0.078878242322218309 11 5892 6 1971
258 9.6755958390313417 7.3715466952769253 168.65883488218756 105 105 93 0.12857024954102725 11 5903 6 1987
262 5.4605816465759816 7.6174169200429693 168.82961446223038 17 18 12 0.26788326641538451 11 2121 6 2037
263 5.5982929993530242 7.6299424584573963 168.7343044296984 17 18 12 0.085095284340853936 11 2127 6 2049
264 8.5644097072834402 7.5726818590296698 168.47473591805718 19 19 11 0.066038666163491466 11 2137 6 2050
274 10.116893221644736 7.8185693463916168 168.10444182139915 42 42 16 0.12287982907480097 11 2221 6 2126
276 8.4721937491328241 7.9988439194995795 168.3785548851402 81 81 74 0.024228589594540093 11 6057 6 2159
277 5.1549806019145574 8.1374623787677027 168.38780603185998 47 48 39 0.21232679013382372 11 2257 6 2182
278 9.1223744418931663 8.0940541694856538 168.30012502758152 45 45 43 0.029474882389540276 11 2286 6 2183
280 7.737476241957256 8.1504429387099542 168.46047796618143 35 33 18 0.052312540724061607 11 2284 6 2190
283 9.5611445792712768 8.1191585366061929 168.24158773884696 91 89 77 0.052287723201506195 11 2297 6 2199
287 9.3175613068706014 8.3200583753519748 168.35114918517704 64 63 59 0.15382836918893061 11 2361 6 2255
288 7.2540239418627044 8.3838354896261311 168.59275348395931 72 72 60 0.003458990133915628 11 2340 6 2261
291 10.180068085358107 8.3955224563294681 168.19246359035188 123 121 96 0.040696320559332387 11 2395 6 2274
292 9.4360046586893009 8.4348955352325898 168.0611634878029 35 34 22 0.3109381044771915 11 2404 6 2291
293 10.081333026070936 8.4291682431337449 168.32048841199185 48 46 23 0.023555396021309606 11 2397 6 2292
294 9.8034000724414945 8.4608705458872144 168.07223912783988 108 106 83 0.1988147367874567 11 2424 6 2303
295 9.9642017982539954 8.5432842735916825 168.07518769146014 101 99 76 0.19995335665444419 11 6216 6 2327
296 10.125606985028167 8.5410934882808309 167.91522189488308 123 121 100 0.57108641905960544 11 6224 6 2330
299 10.038033879221027 8.6465583087760347 167.99638117679251 40 38 13 0.43070128342797909 11 2496 6 2353
301 10.595532277015421 8.6654511444992082 168.09066892372931 117 112 89 0.28376088989263115 11 2504 6 2357
314 7.2948238116772446 9.0518632871373903 168.42786610061276 9 9 0 0.085614896998047099 11 2565 6 2462
320 8.1510868445660929 9.2753453689911964 168.46082137850638 12 10 0 0.014666133933134685 11 6418 6 2546
324 8.6556987261055305 9.4528147194845982 168.15311663183826 17 17 7 0.45713143136430151 11 2688 6 2589
339 8.3775918370851148 9.7783647512140153 168.29584625403041 30 28 13 0.12457280838862725 11 6556 6 2658
343 5.4084925839187505 9.9164217077202697 168.57039889059007 24 24 14 0.15400768060718978 11 2768 6 2674
344 7.3644439174240661 9.8607699531787194 168.28729603111032 41 40 20 0.0798397342097939 11 2777 6 2675
355 7.5761212400067874 10.061742336269361 168.21178697705489 36 35 14 0.0076743841688457406 11 2829 6 2726
357 7.7170979494576288 10.106168425028068 168.45408310427308 139 138 118 0.12497793767084109 11 6611 6 2734
364 5.8358483415736835 10.22888484997522 168.17142421230145 17 17 5 0.20226566508609498 11 2858 6 2760
373 7.1839116722769747 10.338099771628706 168.23769968084261 14 15 1 0.056405108532047665 11 2888 6 2794
375 7.5560748242275109 10.354688905041263 168.32122649713116 34 35 20 0.0046294479671449293 11 2894 6 2799
378 6.1105532079332896 10.416433380908597 168.04479798418811 72 73 57 0.12517706331041778 11 2899 6 2810
380 4.8823754264625769 10.512214854618701 168.1730491480825 22 22 10 0.039119952525416217 11 2902 6 2820
381 5.2071371522732433 10.48473590686061 167.9403119818711 23 25 14 0.19392111364376655 11 2903 6 2821
382 5.2071371522732433 10.48473590686061 167.9403119818711 23 25 14 0.19392111364376655 11 2904 6 2822
392 7.1798768347885682 10.63732288939039 168.62327062051324 16 16 3 0.02299117305725111 11 2944 6 2852
393 9.6640082650518888 10.540001002573177 167.87253330665808 108 98 39 0.47529063033997071 11 2953 6 2853
397 8.1739746680339316 10.635131484108985 168.30176421494625 44 48 34 0.52281967762952575 11 2948 6 2862
402 7.1837671899449154 10.729691892899805 168.28471238187535 76 77 63 0.15316145089020916 11 2966 6 2877
405 7.4317158324367627 10.788278310696839 168.36423372557212 109 108 95 0.0098332136109668105 11 2976 6 2888
413 8.0002785937062839 10.809678310771748 167.82660660721501 17 19 8 0.1387028528962253 11 2989 6 2909
415 9.8841305001696576 10.811515660808674 167.97503593574797 203 197 136 0.19798765417494363 11 3005 6 2916
420 5.9032995371125336 10.993685328978527 168.25930225679863 23 25 4 0.14401918436380073 11 3004 6 2935
421 6.9984605307811147 10.987016778613619 168.23208491499898 52 52 40 0.42327037282662017 11 3009 6 2936
422 6.9984605307811147 10.987016778613619 168.23208491499898 52 52 40 0.42327037282662017 11 3010 6 2937
423 8.1985261232575901 10.928963197325361 167.95652788276442 36 36 32 0.10236886132179648 11 3011 6 2938
426 8.0929866426033144 10.955363103365203 167.95168603898711 73 74 68 0.34924962585759134 11 3015 6 2946
428 9.5155281383736234 10.971392022478407 167.73076924359509 141 136 104 0.14797457518443313 11 3048 6 2965
430 5.6984404633608285 11.129772653623165 169.16567600539955 55 56 38 1.2441289792504542 11 3008 6 2972
431 8.1984570863336081 11.075022765870109 168.21801852576036 32 33 28 0.29077241033235257 11 3050 6 2976
432 8.1984570863336081 11.075022765870109 168.21801852576036 32 33 28 0.29077241033235257 11 3051 6 2977
435 5.1607083745299001 11.189890346290223 168.2751953696006 33 35 16 0.11170903050734708 11 3046 6 2992
449 6.0213621925310026 11.414582525853843 168.4722958368161 56 56 31 0.14497268454738413 11 3119 6 3042
451 5.2989942246347903 11.421483312810578 168.30539423207853 131 132 100 0.14612591973637368 11 3112 6 3046
452 8.00945814638734 11.371725838619609 168.14710408329171 52 52 44 0.13344514291660833 11 3134 6 3047
462 5.9505152730675288 11.574664943253296 168.05348824375355 109 109 73 0.60068655855212139 11 3162 6 3081
465 7.1413606535110405 11.573891238467484 167.93084564596921 31 32 14 0.067314687600401296 11 6864 6 3091
480 6.0560153907832888 11.769008407440859 168.1119714917798 199 201 178 0.42714298237527026 11 6885 6 3130
481 8.319170440640324 11.709577185918187 167.73969279974477 22 21 16 0.12952802808297398 11 6901 6 3132
482 5.5619287482848252 11.779798592313517 167.45632425106422 78 79 45 0.35075882600582919 11 3211 6 3136
483 7.652402423724646 11.764390703206661 168.39759256186076 83 84 71 1.0787936010435872 11 3203 6 3137
486 6.9278571286019126 11.822544966337274 167.52225300789422 80 80 70 0.11443260066904699 11 3236 6 3159
490 8.1504532943793979 11.888455622221141 167.9211029682827 18 18 10 0.10463648281439111 11 3255 6 3171
491 8.1504532943793979 11.888455622221141 167.9211029682827 18 18 10 0.10463648281439111 11 3256 6 3172
493 5.7556792832198234 12.012570555099479 167.92693542613725 178 181 162 0.10317849833051504 11 3260 6 3193
496 6.9857165735452842 12.095634756681786 168.26147406916616 218 219 201 0.41390409010347629 11 6931 6 3201
497 5.7868035446347683 12.123912367766847 167.82704122623198 19 21 8 0.23387155275072824 11 3283 6 3208
498 8.1354911477247445 12.122999556577993 167.8283909739533 17 17 9 0.16049898782457689 11 3318 6 3217
500 8.3100063041305408 12.148583823272602 167.80783766880444 26 25 20 0.42379683356071735 11 3326 6 3220
503 7.3135631184634731 12.400804656030669 168.29749179613543 42 42 32 0.10707652118257951 11 3349 6 3245
508 9.3512619298334414 12.75612758358559 167.54186304035778 44 45 40 0.01572958656061961 11 3452 6 3313
516 8.1247325022966468 12.896430197352961 167.49247413344108 64 64 62 0.08746058861653655 11 3483 6 3334
521 7.2631920183382546 13.034627002988582 167.67812217152229 69 71 68 0.1097533567528331 11 7079 6 3355
528 5.8499416991749467 13.215156210680009 167.78557309680104 49 49 47 0.078836632896771563 11 3534 6 3384
534 6.0355191240508335 13.274574431295518 167.92766802387595 102 103 95 0.09087072125511432 11 3542 6 3398
535 6.0355191240508335 13.274574431295518 167.92766802387595 102 103 95 0.09087072125511432 11 3543 6 3399
551 6.1898644175283746 13.544654367000446 167.6694648880007 111 113 102 0.17409323954235811 11 3586 6 3453
558 5.4561765952824937 13.70619205998859 167.34201540933179 59 60 62 0.60810517550904331 11 7162 6 3497
559 7.9199526743775595 13.673396800398471 167.84457399191612 104 98 69 0.086958285616345707 11 3624 6 3498
560 7.9199526743775595 13.673396800398471 167.84457399191612 104 98 69 0.086958285616345707 11 3625 6 3499
561 5.7235084088085326 13.705269859712534 166.96598684655171 67 68 70 0.17988059307021104 11 3623 6 3513
578 7.8604321844578005 14.066602712708249 167.64317689203355 185 180 150 0.19279990384611229 11 3686 6 3577
587 7.6935737911680802 14.305827751122804 167.59556599932847 122 111 79 0.21663556906511233 11 3723 6 3623
588 8.529854500510698 14.295175520837331 167.5359360798866 100 90 55 0.015755715006829613 11 3729 6 3625
590 7.2927330562612918 14.347645779687001 167.5971258108149 29 26 12 0.1365279994575373 11 7223 6 3631
594 8.6239168488023079 14.358943561506445 166.83483598730862 145 134 102 0.22828626509023689 11 3743 6 3660
596 7.5517343291548071 14.549200264258978 167.65065653443656 187 183 164 0.29598767128320991 11 7231 6 3677
598 8.1275605304606291 14.678969462765625 167.5746099992362 190 188 166 0.043113686275160504 11 3775 6 3698
599 6.2134765464869801 14.76446877277194 167.78169633641212 92 96 97 0.17183439878825818 11 3768 6 3700
600 7.1233034038688379 14.733779004627481 167.68347117661381 43 44 46 0.4199821107078493 11 3774 6 3701
610 7.7090640743876326 14.992039782432368 167.22506120705029 98 100 97 0.054152936886331667 11 7266 6 3745
616 6.9721744163525745 15.279656011335641 167.68249207105197 59 59 59 0.13131967180562967 11 3846 6 3766
622 7.3415719229327268 15.583977824283521 167.325867599655 33 35 32 0.067083917326820175 11 3877 6 3796
638 6.8657823674299827 16.424704321940478 166.82827394572678 89 91 81 0.028730371639041678 11 3972 6 3867
659 7.6155644475544628 17.357964354346144 166.47222015102389 33 35 24 0.28915522970567142 11 4054 6 3964
672 6.5899498488765094 17.830025143418254 166.4064335114272 58 59 54 0.06747108287438415 11 4100 6 4007
682 5.2367780187429727 -5.7039302151247355 168.41122473195588 148 145 144 0.42706343150642273 11 7590 6 4100
683 0.12712184282863259 -5.1828311816184849 170.2334201157328 140 139 144 0.14594377468893913 11 4189 6 4102
684 -0.42260163345573387 -5.0512691250183073 169.62160030771642 140 138 141 0.16373751486225674 11 4191 6 4103
685 -0.66574340335638815 -4.8105403802987725 169.54336916114798 134 132 135 0.012272867483315894 11 4192 6 4105
686 -0.81349954418919879 -4.7101649285788385 169.67948948365793 43 41 42 0.10002485914160905 11 7592 6 4106
687 -0.81349954418919879 -4.7101649285788385 169.67948948365793 43 41 42 0.10002485914160905 11 7593 6 4107
688 -0.96366916313390927 -4.6416529337387544 169.39344224845237 133 132 137 0.56320286707292921 11 4193 6 4108
696 1.3751109003383046 -2.6505413930303714 168.98122419686027 95 94 99 0.26574059209342638 11 4218 6 4126
711 1.0154685394414846 -2.0248437284935519 169.43263905444229 4 3 0 0.16602989274062036 11 4236 6 4148
720 2.5782679019083998 -1.866131192016014 169.51591336697393 8 7 3 0.19478252044718453 11 4249 6 4159
721 2.5782679019083998 -1.866131192016014 169.51591336697393 8 7 3 0.19478252044718453 11 4248 6 4160
725 2.5628799650433183 -1.7098729619596615 169.25656964497466 41 40 35 0.05739532130710337 11 4256 6 4166
731 2.7292887786882236 -1.6694372006314797 169.55107277165163 30 29 26 0.19895960109994304 11 4260 6 4174
733 0.56492814596933616 -1.4529401562837951 169.08921937078469 16 15 10 0.61327719743804865 11 4271 6 4180
737 10.60386098294572 -1.074568420555722 167.79829839616608 84 82 70 0.49419442971000094 11 7657 6 4190
742 0.94191251919491259 -1.0232259143353608 169.50006566021997 3 2 0 0.12440861207666326 11 4291 6 4197
743 10.92639257229548 -0.88452105114464785 168.45272318379793 38 36 23 0.010869513527448724 11 4299 6 4204
744 11.145606066811808 -0.86457905267475155 168.46253937343417 55 53 41 0.46250934708014968 11 7673 6 4207
747 11.000647454162275 -0.73694326279149391 168.29599988998939 94 92 79 0.24593370202899584 11 4318 6 4226
750 0.90856683185556764 -0.68437973040350253 169.1301333436522 20 19 15 0.30079895500812204 11 4315 6 4235
755 2.7825376839196685 -0.48093824944388841 169.67659422478803 110 101 102 0.37799682451929212 11 7693 6 4256
761 2.6355731106632154 -0.33675282571228404 169.51318094587901 28 24 17 0.028753463714126508 11 4363 6 4275
763 11.296292079631938 -0.15820440379403622 168.34937080407983 101 99 86 0.2818268294697529 11 4390 6 4287
766 1.8999816645961376 -0.11615003342215979 169.42721770952397 29 28 10 0.22879181426417627 11 4389 6 4301
770 2.6011048933977157 0.013460181111821568 169.97273389222821 36 28 17 0.133063341746115 11 4407 6 4321
771 11.284258892944084 0.143627532495748 168.39365644055397 108 107 89 0.14697341585583895 11 4436 6 4331
775 1.8869229829911713 0.23534494508631404 169.52050821170081 34 33 15 0.090445260958725515 11 4441 6 4345
776 5.3393633343295326 0.3305219819169381 169.21116129949093 217 184 132 0.033183445545305015 11 250 6 4355
779 2.9092014922591143 0.60913183374741209 169.56871182890919 222 181 99 0.24538492724100824 11 4506 6 4412
783 2.8351208666823799 0.72608663693644293 169.38093315450718 166 133 100 0.23064750923138228 11 4525 6 4430
788 11.042678368067616 0.9867009848962347 168.63608236765819 43 42 22 0.18373530243415984 11 4566 6 4469
794 11.018485252355914 1.2911465322842091 168.59368097268333 51 48 29 0.030352851654405405 11 4610 6 4517
796 10.881768397320711 1.3958726328617126 168.64232971701736 129 127 106 0.05878823970885004 11 4622 6 4540
798 3.0361892558441776 1.552509482702928 169.4288011453599 214 175 54 0.14973727884362278 11 4642 6 4559
801 10.862780807610301 1.6980786868070346 168.64947225810911 132 129 110 0.26583035290665735 11 4683 6 4586
802 10.862780807610301 1.6980786868070346 168.64947225810911 132 129 110 0.26583035290665735 11 4684 6 4587
803 11.203228000381298 1.686943284596337 168.51939997277768 139 137 114 0.16061585154810853 11 4686 6 4588
808 4.9638793576069977 2.0244936524579211 168.99623587227296 136 95 30 0.027941280405234192 11 4725 6 4639
810 6.4718020789420247 2.0815952735348917 168.88746200427499 243 250 95 0.17439616635080607 11 684 6 4656
814 7.5121542245235036 2.1827959065060125 168.48759310054254 238 244 82 0.23827053106255416 11 4754 6 4674
817 10.832033106685863 2.3138155440597394 168.7536874451047 143 141 120 0.017314872166408059 11 4788 6 4694
818 11.170738644467798 2.291224824515024 168.56967608710366 142 142 116 0.25043122928608119 11 4789 6 4695
828 10.711297627378446 2.4845587512541396 168.64567035130526 47 45 22 0.073849377306279523 11 4818 6 4732
835 10.811921789963897 2.6175755483500676 168.72528412820637 144 142 119 0.082175518142395432 11 4853 6 4764
847 10.547406615743645 2.8846577022400299 168.68085124301649 143 141 118 0.0074647262123443353 11 4900 6 4810
848 10.547406615743645 2.8846577022400299 168.68085124301649 143 141 118 0.0074647262123443353 11 4901 6 4811
852 11.121075833894739 2.9145680457979011 168.50355048071242 138 138 112 0.092964776038917563 11 4907 6 4823
855 10.763904523416318 2.9261809676650739 168.43909267554912 139 139 115 0.1859436858002298 11 4906 6 4833
856 11.231466147519408 2.9359742553309092 168.3009745633594 85 83 58 0.3770226257219218 11 4912 6 4834
872 10.888975576817092 3.1148870644588911 168.61284802710665 50 48 27 0.20354566364498886 11 4955 6 4887
873 10.888975576817092 3.1148870644588911 168.61284802710665 50 48 27 0.20354566364498886 11 4956 6 4888
880 10.755032970188385 3.2281846763777611 168.45199454362131 139 139 115 0.29375118226812524 11 4974 6 4912
887 10.675001784810926 3.3833611102155525 168.80087729874751 46 45 24 0.37094921844758877 11 5004 6 4948
893 7.4638592195775173 3.5023204176835545 169.02420476553579 241 239 227 0.13021876928933585 11 5021 6 4969
896 10.741597055458307 3.5284301136835596 168.51611318991374 129 128 108 0.27452719690990035 11 5046 6 4980
897 11.06438630660614 3.5233304452674625 168.29894938790687 139 139 113 0.056745077447720609 11 5047 6 4982
898 3.0008399996755535 3.5843695034730394 169.26202524103456 66 55 46 0.087587082587530979 11 1111 6 4985
899 3.6940179413784415 3.5957186747988885 168.75338188594876 72 59 52 0.066533880319029598 11 8309 6 4986
900 8.2003992981091027 3.5885020402511341 168.64477125381077 169 162 119 0.03740979807019533 11 5045 6 4989
912 10.643313056751143 3.6835960442921816 168.58331937682152 39 38 18 0.1088230777771117 11 5079 6 5037
914 6.3799815180028716 3.7367753739232583 168.90474629024177 151 163 128 0.035787727138991941 11 5071 6 5042
918 3.8689811357649804 3.8321071335884018 169.02313448367664 42 37 31 0.070249843681402926 11 5084 6 5053
920 10.711618194293765 3.8300587374166972 168.32102995862459 114 113 94 0.013005806584654469 11 5109 6 5060
921 11.053819237472052 3.8204478993041673 168.40814671951267 129 129 101 0.0499123001434396 11 5111 6 5062
929 11.28938930443193 3.9022379699130987 168.37137004425097 117 116 88 0.23602140730353838 11 5125 6 5086
939 7.9627175783163251 4.0844933047970198 169.17304420407615 69 87 33 0.22898246002165645 11 5134 6 5116
941 3.8339911708871615 4.146197698021143 168.85624378082966 47 42 36 0.19085315345553144 11 5138 6 5120
942 9.8874694275597612 4.1144310831187472 168.6070525464859 100 88 79 0.09828904033651184 11 1282 6 5121
947 10.711422826852102 4.1468768784649246 168.56810739430887 114 113 93 0.37616568595925048 11 5166 6 5131
950 5.7559808369997958 4.2436257044843311 169.19339496073181 44 47 26 0.029234602115127649 11 5161 6 5141
953 4.4908220025264622 4.308906574859928 168.96066401334576 54 53 35 0.31764757869896598 11 5168 6 5157
959 8.7318798888723048 4.4082724452318249 168.08634182797624 45 43 34 0.54852856067567091 11 5214 6 5189
960 9.8749217955041093 4.412599226662751 168.80011745534895 95 90 79 0.035930260141507436 11 5207 6 5191
963 11.239046135735578 4.5220875153698978 168.30413134355243 127 126 96 0.01611838331191498 11 5237 6 5214
967 6.2477743437907369 4.745546889329872 168.93042167700665 25 35 8 0.029202836579194598 11 5251 6 5246
968 9.8318405577629395 4.6815277126920343 168.25099980641869 100 97 88 0.32129837922672411 11 5263 6 5247
969 6.49467203488277 4.7630549212758009 168.8092883526441 28 30 16 0.23507082929056611 11 5255 6 5254
970 10.654451952851677 4.7464097864759465 168.31897147403868 119 118 99 0.088542312063691453 11 5278 6 5257
973 6.3545870149574606 4.8376538641627542 168.99078933426745 128 131 112 0.11379099669777565 11 5269 6 5265
976 6.5859887604789984 4.8923862538385849 169.07980163041572 105 105 93 0.13172506651416524 11 1449 6 5273
977 8.3117990003700548 4.8812473531204796 168.72316234335349 28 30 19 0.0065675911325043636 11 5295 6 5274
978 11.214431560949151 4.8281522361291644 168.35882575548291 140 139 109 0.51025450219969881 11 5304 6 5275
979 5.9929707042391875 4.9380889115853872 169.0685568954809 26 33 10 0.11925286634535223 11 5294 6 5282
980 9.2396084981635589 4.8999588451059202 168.29723211235242 70 65 59 0.28615813813975988 11 5305 6 5284
981 9.6793866164375046 4.8813404946958947 168.37981287293323 55 51 42 0.53567603365941918 11 8537 6 5285
982 7.6267352094365881 4.9487371521739147 168.91040814560176 63 63 53 0.085839965971683418 11 5302 6 5291
983 7.6267352094365881 4.9487371521739147 168.91040814560176 63 63 53 0.085839965971683418 11 5303 6 5292
984 8.5081937288346001 4.962840855266947 168.88508590788115 80 80 68 0.38434045461052391 11 5313 6 5294
985 11.329474000265275 4.9506598072247927 168.31174081675437 60 60 35 0.02922228334377789 11 5335 6 5297
987 6.2369393889683238 5.0105995367648282 168.94121209361433 22 23 5 0.25527257646030849 11 5312 6 5307
988 9.8206153453337457 4.9782811346341695 168.52551816490865 107 105 93 0.25637519815596355 11 5333 6 5308
989 9.8206153453337457 4.9782811346341695 168.52551816490865 107 105 93 0.25637519815596355 11 5334 6 5309
990 3.5963631081684504 5.0869790615307231 169.21018417236922 35 37 21 0.11087356145562938 11 8544 6 5313
991 6.5575590700810915 5.064221138662262 168.8292709461756 22 22 10 0.068482099881863129 11 5332 6 5314
992 9.5783178527341111 5.0259830695439787 168.47550700114684 85 80 74 0.39618720577713873 11 5345 6 5315
993 9.5783178527341111 5.0259830695439787 168.47550700114684 85 80 74 0.39618720577713873 11 5346 6 5316
995 7.8716686433966148 5.1424237802824466 168.73875764913336 92 93 79 0.025642095704405655 11 8568 6 5330
996 7.8716686433966148 5.1424237802824466 168.73875764913336 92 93 79 0.025642095704405655 11 8569 6 5331
997 8.486058896883959 5.1360173388247095 168.67970100059 16 14 2 0.093688488456614955 11 5357 6 5332
1002 4.0713443684716726 5.2797425608557305 169.07379786390035 68 70 57 0.16946850152900522 11 5359 6 5347
1003 3.8615238825066047 5.3112786713446258 169.00804988688489 68 69 55 0.10861903086612387 11 5373 6 5354
1004 3.8615238825066047 5.3112786713446258 169.00804988688489 68 69 55 0.10861903086612387 11 5374 6 5355
1005 7.6025308102431213 5.2658869554165069 168.67200089834688 68 68 58 0.072454346416460425 11 5378 6 5356
1006 3.224367453746261 5.3090646135852833 168.90907363476916 40 40 31 1.3441050834615147 11 8576 6 5357
1007 8.45034591459833 5.2651330652789659 168.37074019202396 85 83 71 0.054527944005550041 11 5388 6 5358
1011 6.568886309954248 5.3933603945969431 168.82758874459066 10 10 0 0.020525603725213226 11 5400 6 5384
1014 10.618128750344768 5.3594472716459123 168.43881098540101 132 131 108 0.061790073686903514 11 5423 6 5392
1015 10.618128750344768 5.3594472716459123 168.43881098540101 132 131 108 0.061790073686903514 11 5424 6 5393
1017 3.843998568796807 5.4736781203470901 169.10539394616967 18 18 6 0.064409507251767306 11 5399 6 5400
1018 8.4658514139773064 5.4593526998800463 168.7303374384727 11 12 0 0.1079398189643218 11 5429 6 5404
1019 9.517816067532495 5.444949373687674 168.77499152614035 51 47 38 0.49049893440343917 11 5430 6 5405
1022 4.220699909101719 5.5593503627056435 168.75142801659419 32 33 22 0.18354275107780871 11 5428 6 5417
1023 10.523893198174102 5.5161414476007016 168.61485743894869 44 44 20 0.18414356993170089 11 5452 6 5420
1025 3.8354518505082398 5.6354008078094369 169.08339679976672 67 67 55 0.030168975709781845 11 5434 6 5436
1026 3.8354518505082398 5.6354008078094369 169.08339679976672 67 67 55 0.030168975709781845 11 5435 6 5437
1027 8.4600107961027469 5.6166284781877875 168.95227123671077 91 91 79 0.45160823566974462 11 5456 6 5440
1028 8.4600107961027469 5.6166284781877875 168.95227123671077 91 91 79 0.45160823566974462 11 5457 6 5441
1030 4.1213918465271187 5.6713087960735038 168.69265676715202 68 68 58 0.2402192403033937 11 5447 6 5449
1031 6.2181888345524845 5.695975631586025 169.09645146993114 13 13 3 0.1850618634823934 11 1663 6 5455
1032 6.5504541124907165 5.7282375307325291 168.8820405049035 18 17 5 0.28710575502529972 11 5474 6 5458
1033 10.595651389243217 5.6619281215528554 168.3586720825748 132 132 108 0.05160557603265379 11 5487 6 5459
1034 10.595651389243217 5.6619281215528554 168.3586720825748 132 132 108 0.05160557603265379 11 5488 6 5460
1039 7.8168762963468774 5.7499967528058775 168.4849325442662 103 103 91 0.35300791272055509 11 8667 6 5471
1040 7.8168762963468774 5.7499967528058775 168.4849325442662 103 103 91 0.35300791272055509 11 8668 6 5472
1041 3.7933663356600764 5.7765673645680486 168.59292953772933 20 20 8 0.33474283909981517 11 5467 6 5474
1042 5.6278296265289631 5.7980542821841663 168.32708809324606 44 45 39 0.13805299889193012 11 8665 6 5480
1043 5.6278296265289631 5.7980542821841663 168.32708809324606 44 45 39 0.13805299889193012 11 8666 6 5481
1044 8.4481348386539334 5.7769724863597984 168.75565329849806 7 7 0 0.043250120697919378 11 5494 6 5482
1045 8.4481348386539334 5.7769724863597984 168.75565329849806 7 7 0 0.043250120697919378 11 5495 6 5483
1046 8.9229446119705766 5.8020624291901424 168.86557275076296 56 53 46 0.43874170324896533 11 5498 6 5486
1047 9.3461712460687849 5.7615364255999806 168.15608095968011 109 105 96 0.52676598443801925 11 5499 6 5487
1049 10.479512535720628 5.8000002040757188 168.22084038303919 49 49 25 0.60205240852831987 11 8689 6 5491
1050 10.479512535720628 5.8000002040757188 168.22084038303919 49 49 25 0.60205240852831987 11 8690 6 5492
1051 6.5141551061733276 5.8727811267023906 168.59866311802708 63 63 53 0.17819432596930357 11 5507 6 5496
1053 4.6286367355102458 5.923679042827275 168.93829427861976 17 17 7 0.090561994945718122 11 5506 6 5503
1054 3.8129183587993296 5.9461834804032527 168.87836896991348 60 60 50 0.051296778857836872 11 5504 6 5508
1055 9.758877613266165 5.8764043980179599 168.36741342522109 109 107 95 0.23252801143312057 11 5534 6 5509
1056 7.5715060630054074 5.9472782192494842 169.16339575825168 64 64 54 0.15955001393582696 11 5527 6 5512
1057 8.3930274521376074 5.9149417523088168 168.33633320373684 98 98 86 0.033254613525215367 11 5532 6 5514
1058 8.3930274521376074 5.9149417523088168 168.33633320373684 98 98 86 0.033254613525215367 11 5533 6 5515
1063 8.4140780788012908 6.0812572719511202 168.56826423454723 5 5 0 0.02690335963821058 11 5568 6 5544
1064 9.1156698232513911 6.0850722035946854 168.29273143519535 80 79 74 0.093174495975941046 11 5576 6 5546
1067 10.478260186028285 6.1200127865854936 168.45580471206077 57 58 23 0.081385047601599314 11 8742 6 5553
1068 10.852623353436186 6.125873043387613 168.44893343754438 109 110 70 0.13295872208262727 11 5591 6 5555
1070 10.329645108473571 6.1935995328576858 168.61206940186855 133 133 106 0.70940205867414408 11 5592 6 5564
1072 8.0824404740520333 6.2744588820085374 168.88030572357977 59 62 51 0.30751935667749997 11 5602 6 5573
1074 10.879082745412623 6.2934526713632906 168.33491153752473 131 131 97 0.063751434436918955 11 1863 6 5581
1075 9.4902763692175984 6.3389577464184388 168.41960002762195 126 121 112 0.17906327243494086 11 5622 6 5585
1076 9.6793500580717957 6.3306939591050533 168.33277064320211 111 107 96 0.079492318324907052 11 5624 6 5586
1079 3.7707971065382369 6.4330245997249937 168.80103905855321 19 19 9 0.13889566197059172 11 5605 6 5593
1080 4.6032352044545473 6.4380237218306968 168.93949960004082 61 61 51 0.027739430708356591 11 5610 6 5594
1081 4.6032352044545473 6.4380237218306968 168.93949960004082 61 61 51 0.027739430708356591 11 5611 6 5595
1082 10.441598425710515 6.4091561962560872 168.28121497346845 41 41 15 0.12303015098872888 11 5643 6 5603
1083 10.441598425710515 6.4091561962560872 168.28121497346845 41 41 15 0.12303015098872888 11 5644 6 5604
1084 10.662533013359518 6.419611024322549 168.27356145187201 46 46 20 0.2798208370062133 11 8794 6 5605
1085 9.6348489552501988 6.4830392987344796 168.87086227278274 41 37 26 0.2339800668605235 11 1894 6 5607
1089 3.7477745158219413 6.5802994753920139 168.83073785445754 52 52 42 0.42081582148184138 11 5638 6 5616
1090 3.7477745158219413 6.5802994753920139 168.83073785445754 52 52 42 0.42081582148184138 11 5639 6 5617
1091 4.5669810059310256 6.5838420100312378 168.74490842832361 17 15 3 0.06739928716770574 11 5640 6 5618
1092 6.4759430434600977 6.5469999043171878 168.58189854013253 51 53 42 0.0031585163566358525 11 8788 6 5619
1093 6.4759430434600977 6.5469999043171878 168.58189854013253 51 53 42 0.0031585163566358525 11 8789 6 5620
1094 8.3461327384815256 6.543386145845477 168.51207526174215 80 80 68 0.03455765457971418 11 5661 6 5623
1095 4.0612170013988802 6.6335215917748149 169.0000794421139 63 63 52 0.040278669335569742 11 5650 6 5630
1096 7.5219661057515781 6.5943878706494781 168.89447084331172 63 65 53 0.47093981792358552 11 1905 6 5631
1097 5.2237406691198833 6.6390422282090382 168.85090518400503 10 9 4 0.071897093736370779 11 5657 6 5635
1098 7.6567928933813834 6.6132429623085285 168.558686034331 24 25 9 0.65552018826046243 11 1921 6 5636
1099 10.527215406721634 6.5742939668417018 168.32565427986194 128 128 104 0.12415651515136952 11 5685 6 5639
1101 4.3078386563651589 6.7042769877491315 169.2454794933123 60 60 48 0.27675700637649081 11 5664 6 5644
1105 3.7342609139377574 6.7482857647337022 168.71250580999032 17 17 7 0.011370448880463903 11 5669 6 5659
1106 3.7342609139377574 6.7482857647337022 168.71250580999032 17 17 7 0.011370448880463903 11 5670 6 5660
1107 4.5575148729650738 6.7473712002542232 168.9331024794603 72 70 57 0.034658774119303681 11 5675 6 5661
1108 4.5575148729650738 6.7473712002542232 168.9331024794603 72 70 57 0.034658774119303681 11 5676 6 5662
1109 6.4761396345085291 6.7185455114066421 168.72098447772009 13 13 4 0.20505424976960945 11 5689 6 5663
1110 8.8364755304244689 6.6737885001455917 168.32874256018118 25 24 19 0.05670301165745948 11 5697 6 5665
1113 7.9975487806379784 6.7168446476832946 168.61575235298213 9 8 1 0.15882915111804821 11 5696 6 5670
1114 7.1145220200942161 6.7641754594289578 168.72932314696629 13 15 4 0.18570560324714663 11 5705 6 5673
1115 7.1145220200942161 6.7641754594289578 168.72932314696629 13 15 4 0.18570560324714663 11 5706 6 5674
1116 11.279221980651194 6.665741298647216 168.06140007200736 140 138 113 0.022577208796595333 11 5729 6 5676
1118 7.8353147809813839 6.7859385209376599 168.40738025590417 27 28 14 0.37040531822725353 11 1950 6 5687
1119 9.7034139063467943 6.7667857542021501 168.39497939174095 104 104 92 0.34941117940652822 11 5735 6 5688
1120 6.4323877229160908 6.8697445729245246 168.76370581943297 54 54 44 0.15850739475900749 11 5734 6 5697
1128 4.5469382453128944 6.9101664264459739 168.6719916323359 18 16 3 0.066127028152630232 11 5726 6 5711
1129 4.5469382453128944 6.9101664264459739 168.6719916323359 18 16 3 0.066127028152630232 11 5727 6 5712
1130 8.3649008405226315 6.8721267755826663 168.61897712630568 89 89 77 0.04615288637683948 11 5755 6 5714
1131 8.3649008405226315 6.8721267755826663 168.61897712630568 89 89 77 0.04615288637683948 11 5756 6 5715
1132 7.4686268461709409 6.9137910439126964 168.6511084728777 67 67 57 0.18155637548003911 11 5758 6 5720
1134 10.503514649814871 6.8719715935987971 168.34790018822073 129 129 105 0.080016692193048855 11 5777 6 5728
1136 7.137075195920338 6.9383727524150434 168.48623532738907 61 63 52 0.0086686964335973334 11 5760 6 5739
1137 7.137075195920338 6.9383727524150434 168.48623532738907 61 63 52 0.0086686964335973334 11 5761 6 5740
1140 9.3646904986733599 6.9486876140926528 168.14957386112479 65 64 60 0.25046346864265073 11 5793 6 5756
1141 9.3646904986733599 6.9486876140926528 168.14957386112479 65 64 60 0.25046346864265073 11 5794 6 5757
1146 4.5347173595648362 7.0682185110570064 168.65662690534722 72 71 58 0.12345928109466825 11 5774 6 5773
1147 4.5347173595648362 7.0682185110570064 168.65662690534722 72 71 58 0.12345928109466825 11 5775 6 5774
1148 6.4358492268220298 7.0372498868472251 168.5691245774797 21 19 7 0.038237453450706053 11 5786 6 5776
1149 8.3372353720923904 7.0492852827902315 168.56641239112133 6 3 0 0.032143641881516284 11 5806 6 5783
1150 8.822642403446924 7.072570858494144 168.25722103468735 26 27 22 0.078537273409227421 11 5815 6 5789
1151 9.6933948782727395 7.0763372366749682 168.58082506703235 104 102 89 0.074895506587230543 11 5823 6 5790
1153 5.2590012076185557 7.1768707330004045 168.9228814108956 51 50 45 0.3364771306232503 11 5808 6 5794
1157 4.5257118646617078 7.2437847028126034 168.72807892533302 21 19 6 0.15871470259828802 11 5830 6 5818
1158 4.5257118646617078 7.2437847028126034 168.72807892533302 21 19 6 0.15871470259828802 11 5831 6 5819
1159 8.3232819746348916 7.1991405320375605 168.6918612614578 95 93 80 0.21467215508387774 11 5844 6 5820
1160 8.3232819746348916 7.1991405320375605 168.6918612614578 95 93 80 0.21467215508387774 11 5845 6 5821
1163 4.2494199532647334 7.3645657112348619 168.88895430544807 69 69 59 0.013879348751757694 11 5850 6 5853
1164 4.2494199532647334 7.3645657112348619 168.88895430544807 69 69 59 0.013879348751757694 11 5851 6 5854
1165 6.4124627228742046 7.3690248468324908 168.58610290613314 18 16 3 0.049706585637488844 11 5880 6 5862
1166 4.5092287568047968 7.3984637803462689 168.59695200414797 69 70 56 0.18439558238642106 11 5864 6 5863
1167 4.5092287568047968 7.3984637803462689 168.59695200414797 69 70 56 0.18439558238642106 11 5865 6 5864
1168 8.3087213249368688 7.3619735223652318 168.45898288421552 8 5 0 0.1250259866766715 11 5896 6 5865
1169 11.24413229491859 7.2894029493590127 168.0614851144162 135 133 109 0.23986231497708965 11 5904 6 5869
1173 8.2923584203728335 7.502450244740448 168.37589522779217 93 93 81 0.013501001373965107 11 5925 6 5907
1174 8.2923584203728335 7.502450244740448 168.37589522779217 93 93 81 0.013501001373965107 11 5926 6 5908
1175 4.506633948100907 7.5739175612520597 168.80861046157796 14 14 2 0.011360638542513249 11 5912 6 5911
1176 10.45545945472691 7.479425349727439 168.24820212560536 136 136 112 0.10076300678619131 11 5937 6 5912
1177 10.45545945472691 7.479425349727439 168.24820212560536 136 136 112 0.10076300678619131 11 5938 6 5913
1182 5.1499296710174907 7.6103006357512832 168.59608368610307 12 13 7 0.10090033881002566 11 5924 6 5927
1183 8.7019412480291205 7.5476888696132498 168.34637413451659 54 53 51 0.14964905455906452 11 5936 6 5928
1184 4.2223518934826254 7.6674571007736327 168.81227410084807 60 60 50 0.018884462368762261 11 5930 6 5939
1187 4.4883998851896019 7.7214355796527716 168.75107436370962 62 62 50 0.097438045557552713 11 5946 6 5946
1188 9.6408842436935789 7.6601115782478679 168.41490288176669 110 108 95 0.023296138350947976 11 5975 6 5957
1191 4.0935727508590665 7.7431589733509698 168.53668950315532 30 30 20 0.44302719523123035 11 5953 6 5962
1192 6.0995498775143888 7.7887241044348263 168.56436450812745 52 52 42 0.03884004387303959 11 5974 6 5975
1194 8.2756904388276258 7.8332778666982845 168.53963840790482 98 96 83 0.072886582246336915 11 6003 6 5990
1195 8.2756904388276258 7.8332778666982845 168.53963840790482 98 96 83 0.072886582246336915 11 6004 6 5991
1196 4.4733602545707392 7.9049979330270777 168.62082354141751 33 35 24 0.12868868078149004 11 5995 6 6000
1197 10.443556081919787 7.7955124169425289 168.34346188823841 126 126 102 0.38405872175051126 11 6014 6 6002
1200 7.9252986500612037 7.8655623929827874 168.36888103482102 96 97 83 0.12533183545874374 11 6009 6 6007
1201 7.9252986500612037 7.8655623929827874 168.36888103482102 96 97 83 0.12533183545874374 11 6010 6 6008
1203 8.5790306447689719 7.9225741407574271 168.31673671413046 19 19 12 0.5676546173653666 11 6041 6 6019
1206 7.6531130169591952 7.9816294463113007 168.70468885305593 102 100 87 0.16148077165327607 11 6032 6 6027
1207 7.6531130169591952 7.9816294463113007 168.70468885305593 102 100 87 0.16148077165327607 11 6033 6 6028
1208 6.3603320789615019 8.0213678695969826 168.47153172824201 16 14 2 0.064809768811017562 11 6039 6 6030
1209 9.6064473541394442 7.9502750452178521 168.27300627206824 93 95 82 0.17915112210248324 11 6058 6 6032
1210 8.2761441170266199 8.0123513413289196 168.76181829027323 10 7 0 0.038288275808825531 11 6053 6 6038
1211 8.2761441170266199 8.0123513413289196 168.76181829027323 10 7 0 0.038288275808825531 11 6054 6 6039
1212 10.184302105697942 7.9918079510710305 168.43133607196054 122 122 98 0.063090294226116977 11 6065 6 6045
1213 10.550360797119964 7.986511557582582 168.34228414456632 43 42 14 0.23101177555347474 11 6066 6 6046
1219 8.2549835899555788 8.1496664409797628 168.5875053784408 110 108 93 0.085383821159268042 11 6079 6 6074
1220 10.412644503395455 8.0897991722710056 168.1758195276455 123 121 100 0.030832210927617568 11 6089 6 6075
1221 10.412644503395455 8.0897991722710056 168.1758195276455 123 121 100 0.030832210927617568 11 6090 6 6076
1222 4.4496366797197329 8.2292536607259041 168.65808210920534 13 14 0 0.021478034721612596 11 6072 6 6079
1223 6.7906944677822754 8.1861950433106596 168.29031367666101 38 39 25 0.26892518581775582 11 6081 6 6080
1230 10.288379044110439 8.2283117715405414 168.10748053390375 32 30 5 0.13171568583581156 11 6128 6 6106
1231 9.5697732291600826 8.2452251923698245 168.18021302713953 99 95 84 0.017395613873650899 11 6127 6 6108
1232 8.2302970182309458 8.3098642950796417 168.32337323863538 11 8 0 0.053642994726528823 11 6126 6 6115
1233 10.156484345200735 8.2791394101023581 168.26487427497088 121 119 96 0.27353229822177361 11 6143 6 6121
1234 10.51061137557808 8.2957106543223365 168.09961200828107 39 35 8 0.392385483770256 11 6150 6 6122
1239 8.7592977015632876 8.417827975251452 168.34854604859456 50 49 45 0.055373897647480588 11 6161 6 6142
1241 8.2252968115880485 8.456677236965465 168.33875938959014 108 109 91 0.040601547437955361 11 6160 6 6148
1242 10.382680333100049 8.3921555698117789 168.08874443873111 120 118 95 0.14616209603548636 11 6171 6 6150
1243 10.382680333100049 8.3921555698117789 168.08874443873111 120 118 95 0.14616209603548636 11 6172 6 6151
1244 4.4163573218507484 8.5522742377850296 168.47662378369927 14 15 1 0.03066919544514296 11 6152 6 6157
1249 7.019165512224963 8.5744266979939425 168.3744487144053 65 65 53 0.10766835584782804 11 6189 6 6174
1250 7.019165512224963 8.5744266979939425 168.3744487144053 65 65 53 0.10766835584782804 11 6190 6 6175
1251 10.271589921162713 8.5264967909108371 168.15394110860782 40 36 11 0.098712205733545971 11 6211 6 6178
1252 10.487446401010008 8.5665878111196587 168.06755789098418 46 40 14 0.2762226097614966 11 6233 6 6191
1253 8.2095398867220108 8.6307399718482678 168.37908883118686 11 9 0 0.033960624554036978 11 6215 6 6198
1262 8.1961017743797999 8.7885946356839213 168.58702007271197 110 112 91 0.13397381332414821 11 6259 6 6236
1265 6.7567419985424539 8.8624187190880299 168.55777209389584 44 42 29 0.17500403669183376 11 6269 6 6256
1275 8.1831267055503165 8.9471737534801807 168.41942438692686 14 12 0 0.10505913613254443 11 6317 6 6289
1290 6.2419397463071009 9.1540958690334655 168.32790933344884 70 68 53 0.12593981361253367 11 6348 6 6337
1291 8.1220442066961969 9.1097352577991444 168.60085612457908 113 112 95 0.76962716070434323 11 2585 6 6338
1295 6.7362977978606846 9.1881026158237145 168.49923907159226 41 42 26 0.098307936405909666 11 6359 6 6355
1302 8.2822450538077135 9.2185260562009166 168.03056731232741 68 66 53 0.21475992314637182 11 6408 6 6385
1304 8.6537562272209918 9.2169352053486548 167.91883732825329 20 19 9 0.13365382527045111 11 6419 6 6387
1305 6.2608983037364156 9.3372241851943585 168.40412568830646 20 18 3 0.11713402734642565 11 6416 6 6395
1306 9.0274466010052077 9.3241947175580364 168.1109556176018 50 49 42 0.020851466660071531 11 6437 6 6413
1308 8.1413660323232033 9.408281035996291 168.25471717085838 128 126 106 0.094668021192272842 11 6448 6 6431
1309 8.7731199906288495 9.3861432902462418 168.09444967016762 58 58 48 0.30971011686715161 11 6450 6 6432
1320 8.1213836185881565 9.5699535135599536 168.1306029089734 12 10 0 0.031413878290242107 11 6501 6 6478
1321 6.2337020063393513 9.662217912165822 168.34321934883789 21 19 4 0.04945286128413387 11 6499 6 6482
1325 5.9245764681545934 9.7528633454208915 168.54069824240273 69 67 55 0.0035379444416661042 11 6517 6 6493
1326 5.9245764681545934 9.7528633454208915 168.54069824240273 69 67 55 0.0035379444416661042 11 6518 6 6494
1330 8.1297200587824214 9.736335705536133 168.39582990314659 137 137 113 0.13681574947163266 11 6535 6 6505
1331 8.1297200587824214 9.736335705536133 168.39582990314659 137 137 113 0.13681574947163266 11 6536 6 6506
1336 6.678495827449308 9.849805215727395 168.58601077989505 46 44 29 0.17719657703153491 11 6553 6 6520
1342 8.1007759948163169 9.8982922520048024 168.2855696748166 20 18 3 0.05098690704911598 11 6572 6 6543
1346 6.2033756260862969 9.9832878856731515 168.26866740896779 19 18 1 0.089880612063578363 11 6570 6 6557
1347 10.364588743019427 9.8950147172836598 168.01358834500687 62 56 24 0.074757389181581729 11 6593 6 6559
1351 5.889984476260155 10.063684399096159 168.18821135700924 69 69 57 0.025694135314050726 11 6588 6 6568
1352 5.889984476260155 10.063684399096159 168.18821135700924 69 69 57 0.025694135314050726 11 6589 6 6569
1353 8.117879619159007 10.058910463797458 168.52638381632167 150 149 121 0.26337339735606108 11 6600 6 6570
1354 8.117879619159007 10.058910463797458 168.52638381632167 150 149 121 0.26337339735606108 11 6601 6 6571
1356 9.7378453568980934 10.01375207500522 168.29139670581731 70 58 16 0.58791595303726019 11 6612 6 6575
1361 6.1590862404361992 10.132491003444789 168.2519239553144 71 72 58 0.53392411867390199 11 6599 6 6586
1362 6.6305611585090753 10.147393041947055 168.10023911678394 45 46 30 0.29730052275688446 11 6619 6 6589
1368 4.9246976702471477 10.225294227773388 168.17274760124585 20 20 8 0.19424555639466445 11 6618 6 6603
1371 8.0728779861686686 10.193011384057872 168.15335285131616 15 12 0 0.16120194751549588 11 6640 6 6607
1372 8.2429683856204115 10.202946240068622 168.51699085362813 73 72 54 0.29584367028446251 11 6641 6 6608
1378 6.185710324254508 10.324809395721429 168.49726787745797 23 21 6 0.039921059845776374 11 6653 6 6622
1379 5.9090954650589644 10.345773466799303 168.09635388314658 65 65 53 0.19439358719113436 11 6658 6 6628
1381 8.0847929021360603 10.38123433362987 168.58758835646114 95 94 79 0.25650853648434058 11 6669 6 6634
1382 8.7842638125847117 10.343315446426512 168.08545596028603 55 55 19 0.43512574032047585 11 6682 6 6635
1383 8.7842638125847117 10.343315446426512 168.08545596028603 55 55 19 0.43512574032047585 11 6683 6 6636
1385 7.8158672185125804 10.423557919290131 168.66383942366028 83 85 71 0.0038227837924334337 11 6676 6 6642
1387 7.4311617520240647 10.420288515519914 168.20294976293798 83 84 70 0.11895521818731593 11 6680 6 6646
1392 5.9686149791450207 10.472442465089131 167.77307387182913 38 39 25 0.011097210775384069 11 6685 6 6657
1393 7.1372039419664626 10.471606684037006 168.20640142119672 72 72 60 0.15984065266978109 11 6688 6 6658
1397 5.9229379033119374 10.596826261874352 167.86939037042299 68 69 55 0.25737947181842036 11 6705 6 6670
1400 8.7425667656098156 10.640779609731073 168.62696283821566 72 68 43 0.27137408547393504 11 6714 6 6675
1403 7.6841647857541089 10.723405685909771 168.33075703465485 112 110 98 0.20738584465916748 11 6723 6 6683
1405 9.8545582420444315 10.677546431496094 168.03512570614157 120 111 46 0.17042559002891522 11 6733 6 6689
1406 9.4119877646137518 10.727325985589646 168.19966197593106 93 82 36 0.073719601999124501 11 9452 6 6691
1417 9.1288074179965069 10.822899729823071 168.06347802237798 163 155 121 0.14388847330163701 11 6749 6 6711
1418 9.5328789609056521 10.79406406901829 167.83510379292184 178 173 120 0.011074012509851476 11 6750 6 6712
1426 8.6173908014368532 11.036562820636126 168.33139277516588 58 58 52 0.31528143729579361 11 6784 6 6742
1438 6.2427764373209556 11.195810022357671 168.04383537713369 31 29 14 0.31319520331459488 11 3068 6 6769
1441 5.7698731045995029 11.353190354321377 168.57350562305172 127 128 107 0.76696945962622687 11 6802 6 6785
1443 7.864037981519389 11.441083065765641 168.2468151986879 85 85 75 0.28812993543314502 11 6842 6 6798
1451 8.6245724295653012 11.46567430869697 166.98359027663966 57 56 52 0.010943289473514053 11 9515 6 6823
1453 8.2688546424130465 11.564953964785895 167.73143874315548 78 77 72 0.077258031344793948 11 6876 6 6830
1455 7.349182785692407 11.663392912133219 168.31338412612956 123 125 103 0.24907891902377965 11 6878 6 6838
1461 8.163995447297987 11.691976728082793 167.77124151618855 25 24 18 0.036944823597906115 11 6894 6 6849
1462 8.163995447297987 11.691976728082793 167.77124151618855 25 24 18 0.036944823597906115 11 6895 6 6850
1463 7.7697595485062214 11.757769122300481 168.12356562660696 25 23 13 0.012988516402086524 11 6899 6 6856
1473 8.9164223302614989 11.963405973434462 167.89771489312716 54 56 51 0.24714465151565901 11 6928 6 6885
1477 8.2039045905328774 11.985530456259387 167.49836626601135 78 78 70 0.2538188485674755 11 6934 6 6896
1478 8.2039045905328774 11.985530456259387 167.49836626601135 78 78 70 0.2538188485674755 11 6935 6 6897
1479 7.2999583718465955 12.08756935891247 168.19202777174573 126 125 104 0.075495491723873903 11 6932 6 6898
1480 7.2999583718465955 12.08756935891247 168.19202777174573 126 125 104 0.075495491723873903 11 6933 6 6899
1483 7.7168448255451549 12.171253319031887 167.91137812785996 28 28 20 0.024834555622708462 11 9552 6 6914
1485 7.0904211063065397 12.217367789049678 168.18477485188239 25 27 4 0.2045125227833498 11 6950 6 6920
1486 8.3969538351101694 12.246294739941025 167.57009888548143 63 63 58 0.24336121985424319 11 6973 6 6929
1488 5.9837366663817173 12.516989029763312 168.51537071201432 16 17 8 0.4392579263868347 11 6982 6 6945
1489 6.4753883776201864 12.481174167123761 168.12158374459293 209 211 200 0.20296293406964994 11 6989 6 6946
1490 6.4753883776201864 12.481174167123761 168.12158374459293 209 211 200 0.20296293406964994 11 6990 6 6947
1494 8.2025833482390951 12.481010545919789 168.02694072364551 67 68 63 0.068325181971745336 11 7005 6 6951
1495 8.2025833482390951 12.481010545919789 168.02694072364551 67 68 63 0.068325181971745336 11 7006 6 6952
1496 8.6281043243991871 12.642783561076859 167.85551811135619 139 139 129 0.1755275438781837 11 7034 6 6972
1497 10.113836671802998 12.545476554114213 167.07429531409858 19 23 32 0.71014230283405855 11 3428 6 6973
1498 6.8855116638031708 12.703233814104788 167.63413340100706 56 57 52 0.29725447641939218 11 7032 6 6977
1499 8.9381851796829643 12.633902002364293 167.18656222040772 35 35 27 0.022894858695756987 11 7044 6 6983
1501 7.0911771331300679 12.758944345189937 167.68022253039098 53 55 52 0.54100727546087957 11 7039 6 6988
1502 8.7298837808046663 12.761401564872351 167.70466898928149 22 22 12 0.037915405365487265 11 7054 6 6994
1504 6.9549168393151168 12.861047702845056 167.86231275641492 8 10 7 0.16078902882453008 11 7050 6 7000
1507 8.5974382608098523 12.89833312507815 167.76292822681003 103 103 96 0.16509660196095971 11 7067 6 7012
1516 9.4056088980637895 13.084369951374155 167.31231884336685 40 40 38 0.1634517822562816 11 7109 6 7040
1528 8.6020615924926993 13.516342941207284 167.62191061640061 78 70 49 0.041625006324701397 11 7154 6 7095
1531 7.7651434221017217 13.763489256511226 167.65768490365977 104 95 66 0.068958968594745956 11 7169 6 7116
1532 8.6069579271390708 13.731783906646562 167.58056776840741 103 92 62 0.48960884889372047 11 7175 6 7117
1545 7.7339346965594986 14.122878255227791 167.79410970109603 100 87 53 0.21571642306881889 11 9740 6 7164
1555 7.6862776515254518 14.474747614678833 167.57373609976858 116 105 73 0.035651350787792413 11 7228 6 7205
1556 7.6862776515254518 14.474747614678833 167.57373609976858 116 105 73 0.035651350787792413 11 7229 6 7206
1557 8.3989175475493969 14.51548258202661 167.48847648478829 162 155 127 0.075541832048857449 11 7232 6 7210
1559 5.9811935788015775 14.591467853819353 167.59029403914496 103 104 106 0.046427543454181486 11 3746 6 7213
1562 7.6826804955946573 14.619465587403397 167.77872991874216 46 41 20 0.16108340117495695 11 7237 6 7219
1563 7.6826804955946573 14.619465587403397 167.77872991874216 46 41 20 0.16108340117495695 11 7238 6 7220
1579 7.9379575258962225 15.279891910717447 166.5439488841852 64 65 60 1.1325596074663822 11 7295 6 7282
1581 8.8747968119732725 15.303951415982286 166.77164449336055 22 23 18 0.067891656775148107 11 7300 6 7287
1586 7.0242102963228126 15.563222044989631 167.45744356141506 80 82 79 0.14480951571521453 11 7314 6 7304
1593 7.2903930812820557 15.802611887748798 167.35287972709463 43 47 32 0.4760479658402676 11 7342 6 7330
1638 6.6653137749740994 17.167752089255625 166.60936560349793 61 63 52 0.17151219211597768 11 7469 6 7460
1657 6.8320966876846407 17.769427608998132 165.09690211866658 78 79 73 1.0106198513472313 11 4110 6 7513
1670 -0.84176683715125844 -4.5230323233642196 169.54161453499796 51 49 52 0.10179569570469044 11 7594 6 7574
1671 -0.84176683715125844 -4.5230323233642196 169.54161453499796 51 49 52 0.10179569570469044 11 7595 6 7575
1679 -0.1063252809824381 -2.835208579399854 169.05780819723319 38 36 37 0.073132135660838066 11 10044 6 7591
1682 0.61070048694822765 -2.0663355531855419 169.38151322625882 3 4 0 0.27868079164491499 11 7618 6 7601
1687 0.61133680274826141 -1.6849907107747635 169.36019574963626 16 15 11 0.099975308728369433 11 7630 6 7612
1688 1.0001695129233221 -1.580003448442167 169.52800892521486 16 15 11 0.2674031404015213 11 7632 6 7614
1690 2.5116624397330076 -1.5321050422519589 169.61240849397436 21 20 2 0.15054109613588518 11 7637 6 7617
1695 2.2848081511910387 -1.2022645438950175 169.44076322755353 198 198 178 0.092704146291508693 11 7648 6 7630
1697 2.7613111885851733 -1.1402093863385145 169.49234545789889 101 95 96 0.32872091335869785 11 4286 6 7635
1698 10.349261031289151 -1.0340550330636709 168.06384456230043 86 84 71 0.21426402198521005 11 7660 6 7638
1707 2.1937858244805404 -0.65919314727685274 169.4050927685368 33 31 16 0.33510047659460984 11 7682 6 7667
1712 10.295538606217772 -0.22174407306992328 168.57640954461567 34 31 13 0.027719357442309113 11 7730 6 7701
1713 10.295538606217772 -0.22174407306992328 168.57640954461567 34 31 13 0.027719357442309113 11 7731 6 7702
1721 10.269150475573191 0.074176320622048209 168.49529695341712 37 34 17 0.094287720133148706 11 7752 6 7733
1727 10.258145951445934 0.36885017647919877 168.64920048959482 39 36 19 0.0053626675931571386 11 7789 6 7774
1732 10.685194558792949 0.8420425469732844 168.53701218780168 113 110 91 0.27431074306461245 11 7861 6 7843
1735 2.6777737890624667 0.87267057716366137 169.60919706629929 164 138 111 0.0024949153883375682 11 7851 6 7855
1736 5.7358148822697199 1.3222637737676304 168.26427159545898 194 154 103 0.12160603465935765 11 4608 6 7922
1739 10.376742733312961 1.4227934455642854 169.04009811900625 122 120 99 0.31924843671451386 11 7953 6 7939
1762 10.554491882907978 2.5826103978179424 168.59992464783488 118 116 90 0.11194471902855821 11 8147 6 8126
1783 10.530983023302106 3.180130100495361 168.68947880233429 134 134 110 0.087066801888187662 11 8260 6 8227
1786 3.9779588502394807 3.3635043343309747 170.18011265154209 148 113 93 0.32752876506736051 11 8261 6 8252
1789 5.4640775239100163 3.4659600383474221 169.53966199188409 137 117 88 0.18817318866793262 11 8287 6 8274
1791 10.515254756795802 3.4970828037935013 168.63645544676635 130 130 106 0.82485283163405043 11 8310 6 8290
1797 8.7916480549111498 3.6638112968028076 168.40907064609209 154 125 93 0.072908409744526864 11 8333 6 8322
1801 5.1874199014876448 3.8829239323063995 169.41280817312935 33 41 24 0.090467104522452602 11 8355 6 8354
1802 6.221249180889644 3.8734025516372501 169.53773769727471 55 67 42 0.18734083200267942 11 8356 6 8355
1804 7.4713831738001746 3.9044803676727615 168.82761956922639 147 155 104 0.04322705407971169 11 8371 6 8362
1808 10.006714739126151 3.9521319198126879 168.47404108277254 42 38 13 0.038172328410225484 11 10425 6 8377
1812 7.7555312158588565 4.2356292712997359 168.80694096505982 212 220 186 0.012508103790170352 11 8423 6 8417
1813 5.5893567740018293 4.2803705008104576 169.12236070622214 215 216 202 0.061881514048830563 11 8413 6 8421
1814 5.5893567740018293 4.2803705008104576 169.12236070622214 215 216 202 0.061881514048830563 11 8414 6 8422
1815 10.004679983075713 4.2545719859858471 168.60677155046312 37 33 16 0.18008812227755006 11 8433 6 8423
1820 9.9895422474491404 4.5560350350288532 168.61571201086409 30 27 10 0.10959095930969712 11 8479 6 8466
1822 8.6944594039575183 4.6703546777545411 168.83634507137563 92 92 80 0.089616769634925625 11 8490 6 8482
1823 7.6388669008449357 4.730564996469667 168.87026197142217 67 71 57 0.0030512549069051827 11 8494 6 8484
1825 10.955213614978662 4.7533787290250471 168.54947115499283 126 126 98 0.042869874000678335 11 8515 6 8499
1826 8.1662537086956597 4.8361343256173823 168.64125800698082 31 33 20 0.35688010866979836 11 8516 6 8504
1827 8.7030907319622681 4.8646914467665292 168.84908570664669 47 47 36 0.16718709272244123 11 8529 6 8511
1828 7.7791187861937265 4.8835275425204605 169.00642133151408 35 37 26 0.2166279316824441 11 8521 6 8513
1829 7.7791187861937265 4.8835275425204605 169.00642133151408 35 37 26 0.2166279316824441 11 8522 6 8514
1830 9.9580541802581966 4.8507055103640635 168.46675052151537 33 32 14 0.17109070203874172 11 8535 6 8515
1836 3.8339478855511473 5.1195539179378748 168.9541569228783 32 35 16 0.16329546470705039 11 5325 6 8549
1837 10.888027888226238 5.0398129666372569 167.85030298515412 135 136 105 0.018829371378300847 11 8570 6 8550
1838 7.3363005866606157 5.1376399313061878 168.8297193550147 28 30 19 0.10077643732973629 11 8562 6 8557
1840 9.9349846307185743 5.1492848424929907 168.47492189983316 35 34 14 0.035926296339127056 11 8588 6 8564
1841 6.5919384211258949 5.2254497815317924 168.93061364544138 89 89 77 0.0164070720944871 11 8580 6 8569
1842 6.5919384211258949 5.2254497815317924 168.93061364544138 89 89 77 0.0164070720944871 11 8581 6 8570
1843 8.7659227208577963 5.2011529655731463 167.88673672432165 61 57 48 0.35439767083796792 11 5379 6 8571
1848 7.2579879235388267 5.4728116467505785 169.26933013514463 13 13 3 0.44376085874075921 11 8617 6 8601
1849 7.2579879235388267 5.4728116467505785 169.26933013514463 13 13 3 0.44376085874075921 11 8618 6 8602
1850 7.8538451517251007 5.4539283335401914 169.00455225860998 81 82 68 0.31525109695562437 11 5420 6 8603
1851 7.8538451517251007 5.4539283335401914 169.00455225860998 81 82 68 0.31525109695562437 11 5421 6 8604
1852 9.9065853791543965 5.4462286982451404 168.47009611821352 33 32 11 0.13434183843696418 11 8624 6 8609
1853 9.9065853791543965 5.4462286982451404 168.47009611821352 33 32 11 0.13434183843696418 11 8625 6 8610
1856 5.2974166855036984 5.6632080607529707 168.82746028288335 15 15 7 0.13196236541330719 11 8647 6 8637
1858 10.847555211052825 5.6555206688227191 168.02118848695844 137 136 107 0.05574251945748205 11 8669 6 8650
1859 7.1810976287804804 5.7734759505402913 168.49476079870436 11 13 2 0.35286121010658378 11 5492 6 8664
1860 8.1188462753492772 5.7741521409732437 168.49686162272437 18 20 9 0.17359974002787315 11 8673 6 8666
1861 9.9065131248979785 5.7492673246931547 168.61723844058548 35 34 15 0.11489371690538949 11 8676 6 8667
1862 10.699792882863672 5.8497643956782781 168.29046666784819 56 56 30 0.21683057661759109 11 8695 6 8683
1863 10.026941998279602 5.8635596765911746 168.28333806905707 117 116 95 0.15350304165262624 11 8694 6 8687
1866 11.249269874507304 5.905031273339052 168.16178564416899 53 51 25 0.14613766916675242 11 8708 6 8695
1868 5.2672612135733825 5.9977108464205733 168.79902142559925 12 11 6 0.33241403800549146 11 8691 6 8699
1870 3.4750093527207904 6.0822889438631647 168.46780945939383 27 28 21 0.30856696202931533 11 10536 6 8709
1871 9.8693953472710483 6.0394848790663369 168.32874858794042 40 39 19 0.022712299876305089 11 8722 6 8711
1872 3.7898143989852979 6.1182857396040902 168.65577707818935 17 18 11 0.17384274923770726 11 8707 6 8721
1873 7.783002634377266 6.0896217663429697 168.28454133897273 75 77 66 1.0466864619687863 11 8729 6 8722
1874 7.783002634377266 6.0896217663429697 168.28454133897273 75 77 66 1.0466864619687863 11 8730 6 8723
1875 9.5875186628998108 6.1742265034422781 168.53856981528295 40 41 27 0.0099417998340094738 11 8748 6 8738
1878 9.8518037015750988 6.3382049413996802 168.45396987992507 37 35 15 0.10525135848104092 11 8775 6 8764
1879 4.0581163192996677 6.4722464737959893 168.59704019742557 61 61 49 0.31735348344677239 11 8765 6 8779
1881 7.8467248064232455 6.6369595263295995 168.79311747626221 133 132 112 0.010811563937867315 11 10573 6 8811
1882 9.3541556349374098 6.6206173603028704 169.07282803064149 42 41 37 0.13220509530149588 11 8813 6 8814
1883 9.8353351424587423 6.6386798950106911 168.43192581290253 39 38 17 0.090951943011437456 11 8829 6 8823
1888 4.2682089815156159 7.006057736961008 168.66325117233185 73 72 60 0.10440538527739432 11 5757 6 8866
1889 9.8103160509061116 6.9358500489363157 168.35309444049614 36 34 17 0.16201504866920574 11 8876 6 8867
1891 8.0236865481965278 7.0475649418611406 168.25518959438847 15 17 6 0.45160036133851866 11 8886 6 8884
1892 8.0236865481965278 7.0475649418611406 168.25518959438847 15 17 6 0.45160036133851866 11 8887 6 8885
1893 5.5452859892408863 7.1011076449323616 168.32225054241175 47 48 42 0.30087041414360582 11 8879 6 8891
1894 5.5452859892408863 7.1011076449323616 168.32225054241175 47 48 42 0.30087041414360582 11 8880 6 8892
1896 10.691417600558211 7.1842313774242275 167.80582198295392 127 128 97 0.031472112333572909 11 8921 6 8924
1898 5.1671655623554003 7.2839845619977659 168.45515989733801 10 11 5 0.29707889835678591 11 5843 6 8930
1899 9.7854401212746414 7.2284227703326778 168.33691761276845 39 38 17 0.045859677372262674 11 8920 6 8931
1900 8.0484198063497612 7.3829033607978811 168.4595420765809 21 21 9 0.2427919677280615 11 8931 6 8952
1901 8.0484198063497612 7.3829033607978811 168.4595420765809 21 21 9 0.2427919677280615 11 8932 6 8953
1902 5.4931634098145787 7.4191174001293438 167.9540960769138 44 43 38 0.25073324360384697 11 8929 6 8956
1904 9.7584586710270944 7.5268436634280915 168.30471570673524 36 35 13 0.17754140141214764 11 8962 6 8986
1909 9.736865633287529 7.8192325414534674 168.29354927383753 40 38 17 0.057812239360824406 11 9005 6 9042
1913 4.4855802505530429 8.0725016320639131 168.72980762529545 70 71 57 0.15964463676149548 11 9017 6 9072
1914 4.4855802505530429 8.0725016320639131 168.72980762529545 70 71 57 0.15964463676149548 11 9018 6 9073
1915 9.4757251133170399 8.0097399115812511 168.44666611968381 13 12 7 0.90237809662449875 11 6069 6 9076
1916 9.8542700269040875 7.959076859831133 168.17191020897511 115 115 91 0.35984818864520474 11 9034 6 9077
1921 9.7092305161679509 8.1187877575234548 168.2754628734121 34 32 11 0.040470870349454638 11 9067 6 9098
1922 8.6131627502559098 8.1564442183119326 168.12516622460168 18 17 13 0.53590285396200987 11 6088 6 9103
1923 5.0997200954840149 8.2790140262343499 168.58931373780973 11 13 2 0.22473710285781545 11 9066 6 9114
1927 4.4502485643380103 8.3873129847700643 168.54522444855019 82 83 69 0.013705031079339 11 9085 6 9131
1928 4.4502485643380103 8.3873129847700643 168.54522444855019 82 83 69 0.013705031079339 11 9086 6 9132
1929 7.9381119354185214 8.3144124216515394 168.26913485510286 17 15 2 0.21239494304903261 11 9092 6 9133
1930 6.0257049023766758 8.4357856171093744 168.19640032408742 54 54 44 0.13013171062414577 11 9110 6 9143
1934 9.6748097091645171 8.4207721367363515 168.11528246148194 39 37 16 0.089908345732588019 11 9132 6 9157
1942 5.4281708263561814 8.7471448185461096 168.48256246888673 48 47 42 0.16758235555026926 11 9165 6 9210
1943 5.2098023140833094 8.7653736687558297 167.7301394430888 45 47 36 0.46648766016920323 11 9172 6 9218
1946 5.0489029306925461 8.9311784948273161 168.56689506544529 13 13 3 0.086166362828544937 11 9193 6 9249
1949 7.9151670822293783 8.9654529283454103 168.53528951911633 16 17 1 0.087357265220962446 11 9216 6 9269
1950 7.9151670822293783 8.9654529283454103 168.53528951911633 16 17 1 0.087357265220962446 11 9217 6 9270
1954 5.403540157500955 9.1055336267161113 169.02838196799328 46 48 37 0.094542540348427184 11 9221 6 9282
1955 7.006428259826281 9.0517633949548024 168.34332549344188 16 16 4 0.082370563404513958 11 9229 6 9283
1959 5.0076773311239009 9.2232642936382998 167.98320742451904 9 9 0 0.52038717065378259 11 6357 6 9320
1962 7.852953619878261 9.2594820423993536 167.83451403586761 19 20 4 0.33392854867194111 11 9276 6 9337
1973 7.8823043421599115 9.6074198612125734 168.48325366641888 31 30 12 0.085590126108647857 11 9328 6 9381
1974 7.8823043421599115 9.6074198612125734 168.48325366641888 31 30 12 0.085590126108647857 11 9329 6 9382
1975 8.7592032534315045 9.5698151159173754 168.17606908973875 50 50 40 0.017302345177492982 11 6507 6 9383
1985 7.826208737088586 9.9253003173923791 168.33190480928639 27 26 8 0.015130289468034186 11 9367 6 9431
1986 7.826208737088586 9.9253003173923791 168.33190480928639 27 26 8 0.015130289468034186 11 9368 6 9432
1998 8.6802621903877082 10.171958553596017 168.31851844762758 244 242 230 0.019499501638582776 11 10784 6 9465
1999 8.6802621903877082 10.171958553596017 168.31851844762758 244 242 230 0.019499501638582776 11 10785 6 9466
2000 7.8105336472054452 10.221818074175507 168.0866252232193 27 25 10 0.0041575202378698294 11 9402 6 9472
2020 5.2338205550091201 11.183028850920179 168.23964334154601 54 55 37 0.16800381512077353 11 9473 6 9567
2023 8.1754533197712895 11.272675357525499 168.15341232358992 70 71 65 0.2532045562971672 11 10868 6 9580
2036 5.971918417043355 11.942806233121832 168.1233550703374 21 25 3 0.11058370871093361 11 9533 6 9634
2040 9.4473363529000736 12.319622723340371 167.74246513716966 19 25 30 0.2208224627302437 11 9578 6 9683
2041 8.0297642254004344 12.440853839130829 167.717774361643 58 60 57 0.088721621788503346 11 9588 6 9688
2042 9.9438467425262793 12.37032117670193 167.45542261292726 11 16 22 0.19285672124091258 11 9596 6 9689
2063 7.992723813327232 13.291085026288405 167.43151076817301 159 154 134 0.079130352098573886 11 9669 6 9777
2068 5.7468570427851065 13.435891780741452 167.83604680369024 110 112 101 0.06256492228881666 11 9668 6 9783
2069 5.988279472706826 13.483399072838502 167.95355672218085 120 120 108 0.021582582216221457 11 9677 6 9788
2073 6.854156582931223 13.536626312868664 168.00582861705186 39 39 37 0.08117478553000515 11 9692 6 9796
2076 6.5398454170739466 13.653605651534109 168.37641565347309 105 106 99 0.39900538336537561 11 9696 6 9804
2077 6.5398454170739466 13.653605651534109 168.37641565347309 105 106 99 0.39900538336537561 11 9697 6 9805
2087 7.955388469929578 13.838534652684961 167.76262098066383 168 164 135 0.069782650888471548 11 9718 6 9828
2093 6.3689314271311375 14.160426278430155 167.8526134007594 23 23 23 0.051717430097338167 11 9736 6 9852
2094 6.3689314271311375 14.160426278430155 167.8526134007594 23 23 23 0.051717430097338167 11 9737 6 9853
2101 8.2626147483138546 14.36584308034945 167.42914149496258 80 73 45 0.053798081602154359 11 9774 6 9881
2113 7.5970637333576123 15.394949470007338 167.07506665859643 63 65 62 0.70005806619061928 11 7297 6 9943
2115 6.6108775303123952 15.711255523599322 167.75412226986569 58 60 59 0.30844157192025218 11 9838 6 9949
2123 6.739067398931085 16.212790327341285 167.11430186910448 36 38 34 0.031350806454027373 11 9870 6 9980
2125 6.9899328950398694 16.366889059268022 166.68467773383665 60 60 48 1.0375532841567159 11 7410 6 9989
2130 6.670467654659098 16.861141071223702 166.98208794254168 42 43 37 0.45531240504265191 11 9898 6 10009
2141 6.6489055759784943 17.73265631736248 166.71980087924948 16 17 11 0.30379829440909695 11 9944 6 10060
2142 7.4597988239368993 17.662210792380936 166.09687438806367 22 24 13 1.2084801728802241 11 11201 6 10061
2157 0.85933176073977957 -5.4593908445881487 168.51854271931063 121 119 122 0.10733617641330842 11 10029 6 10143
2159 -0.99124693100786521 -5.3282913577634226 170.16131415220087 143 141 146 0.15188218583891722 11 10031 6 10145
2160 -1.0004827978588609 -4.9107333348599509 169.46194126226749 134 132 133 0.018113242205566933 11 10032 6 10146
2166 0.025026139404597303 -2.6050754510952197 169.55656240716397 55 54 50 0.28774063774148712 11 10048 6 10154
2167 0.025026139404597303 -2.6050754510952197 169.55656240716397 55 54 50 0.28774063774148712 11 10049 6 10155
2168 0.64462767042110258 -2.2928811324451601 169.44709710068182 46 45 41 0.021033730763250859 11 10051 6 10160
2169 0.64462767042110258 -2.2928811324451601 169.44709710068182 46 45 41 0.021033730763250859 11 10052 6 10161
2172 2.2330797180078883 -2.1005222639598107 169.55914001571387 46 45 41 0.24498980374762586 11 10056 6 10165
2175 0.92437179107582257 -1.8237118534797241 169.58936577027612 43 42 38 0.07484304210325575 11 10060 6 10172
2177 1.0009749886811585 -1.5797533471910055 169.45001195794026 17 16 12 0.27712246636974719 11 7633 6 10178
2178 2.2971015851778183 -1.5491837553403114 169.54546706034569 198 199 181 0.033000929754853837 11 10068 6 10179
2179 2.2971015851778183 -1.5491837553403114 169.54546706034569 198 199 181 0.033000929754853837 11 10069 6 10180
2180 2.8125522760245469 -1.4618332720564817 169.53534417272675 97 93 94 0.23564578180664902 11 10072 6 10185
2181 1.6477671684184219 -1.3501970019436187 169.10042138383764 55 54 50 0.46271363385922937 11 10075 6 10189
2185 10.327756349866023 -0.82922570005752261 168.82192136695326 38 34 20 0.22605934348062248 11 10092 6 10207
2186 0.80489662353978086 -0.84871081319437447 169.08965265597675 42 41 37 0.12785354630165627 11 10088 6 10210
2187 10.503383216865634 -0.66080338993439847 168.82580912200282 88 86 73 0.34019173959527788 11 10096 6 10214
2189 1.63863596247087 -0.58933054006618735 169.69887613436947 53 53 46 0.68345107633399915 11 10098 6 10222
2191 2.1900461852523216 -0.21799155494061317 169.75501744747592 177 176 155 0.17090293252392352 11 10115 6 10239
2192 0.74579468610571487 -0.17220458786167669 168.83072173900737 42 41 37 0.10884456853432227 11 10119 6 10241
2193 2.7666022953342413 -0.11660964530840745 169.38124096815957 133 117 110 0.27595308339117008 11 10124 6 10244
2194 10.488230041215717 -0.080331874163702466 168.97323234764204 101 100 84 0.43124182167062386 11 10133 6 10245
2195 1.5856473493609156 0.092572629651621052 169.53983193898307 57 54 45 0.097388457444117754 11 10140 6 10253
2196 2.1678062847854807 0.12817187725226459 169.56380440799407 186 185 164 0.024633003190161623 11 10141 6 10254
2197 10.421758348200489 0.22302270559059983 168.31818121313665 99 98 80 0.18191729676252288 11 10154 6 10258
2199 10.43947613072017 0.48741144468954678 168.820567619218 109 108 88 0.36856281790396117 11 10173 6 10273
2202 2.1235010775651646 0.80001118390612758 169.7494305497421 194 193 173 0.31072027555193971 11 10188 6 10287
2207 10.212163747639263 0.96655177345738452 168.76740304503301 43 40 19 0.025064675606894279 11 10204 6 10297
2210 2.0920073032871596 1.1326449778071082 169.38472517273183 193 192 171 0.10024173214480921 11 10212 6 10308
2212 2.0709267131533267 1.4664164171349889 169.50338263821072 190 191 169 0.16087635133578942 11 10235 6 10327
2215 10.16653012442222 1.5678598590249586 168.78157193705033 54 45 23 0.021334347914607088 11 10250 6 10333
2217 2.6803315043901361 1.6758182459986117 169.53418106606165 237 249 79 0.18502598171332318 11 10249 6 10337
2218 2.0395833303593016 1.7966339466091079 169.30243200694784 190 190 167 0.018324059147111819 11 10257 6 10342
2220 10.125994250408093 1.8672163564354478 168.51070955577006 65 48 15 0.13026205876224239 11 11359 6 10346
2222 5.2285862552014075 2.0955818489797502 169.33317781040543 134 108 71 0.20328402027893186 11 10279 6 10356
2225 6.2567869429178691 2.1558674112059091 169.09212135374378 161 144 88 0.04223115230440147 11 10287 6 10361
2226 10.133491522240783 2.1607939062987738 168.8702392839904 83 59 28 0.40744075062482721 11 10292 6 10362
2228 9.2044400948927709 2.2429596514314789 168.7057397424926 231 239 136 0.48411350578535506 11 11369 6 10372
2229 10.278589167926709 2.3142942651185603 168.34479883213905 138 133 108 0.47936855768021613 11 8117 6 10374
2234 10.315154907140727 2.6279795659907621 169.04875252034952 134 130 105 0.51876109430830142 11 10328 6 10398
2237 10.103419315644297 2.7636165157485411 168.80671263040782 53 46 18 0.12388153493521147 11 10342 6 10408
2238 9.8910081782459542 2.8367569600587683 168.78153347041047 193 155 110 0.041451211178313394 11 10350 6 10414
2239 10.2904302647998 2.9076160919671077 168.86014094334661 131 129 106 0.37623982776078235 11 10354 6 10424
2244 10.077569653899857 3.0619774379718523 168.71879867995548 41 35 11 0.18986575937510777 11 10370 6 10430
2246 10.260026266176908 3.1957287647167747 168.76003958331876 125 124 104 0.055123219994899525 11 10374 6 10444
2248 10.058908711611199 3.3598687908545455 168.89678372932843 45 39 15 0.20299179338233031 11 10385 6 10452
2250 3.9546732732121344 3.5262475634158723 168.20576148861838 143 115 100 0.086788859056525641 11 11412 6 10463
2251 10.227735326470359 3.4824801903601728 168.46954322267123 118 117 97 0.15989858723954398 11 10394 6 10464
2252 4.6217384274949627 3.6023481132904114 170.18477701441441 146 117 99 0.48862789240214749 11 10392 6 10465
2253 5.2423601608359283 3.6806423517651532 168.43217024176317 123 137 102 0.12089429132819887 11 8326 6 10474
2254 8.5414547632244417 3.6399944451151391 168.42707497759136 156 137 95 0.10525897855367183 11 10405 6 10475
2255 10.016977251076696 3.649022254583183 168.46982634913283 41 35 14 0.0088761648786441702 11 10408 6 10476
2257 5.9165236158261498 3.7348351038239005 168.87756945955667 120 146 111 0.036679268968962585 11 10403 6 10479
2262 10.191689772339661 3.8248389319536229 168.32279671605806 102 101 81 0.35925883691366234 11 10417 6 10492
2263 5.205764952234107 3.8934857084975745 169.33771831015153 37 45 28 0.35774298737551868 11 10415 6 10493
2267 4.3378965739510642 4.1312612830470385 168.99487296771335 82 78 69 0.10271830494153353 11 10427 6 10504
2268 8.5573876858783589 4.122928070291894 168.54921029247191 51 62 36 0.30510252036245855 11 10429 6 10505
2270 8.3189016027891221 4.2433264989063604 168.75478810107072 209 214 184 0.11606750636731308 11 11422 6 10509
2271 4.9810282219496518 4.4202490681710058 169.82084200198463 77 80 63 0.79395027862379752 11 10440 6 10510
2274 8.2013780606739406 4.4889599041382535 168.63660241757813 31 33 20 0.037793292797822176 11 10449 6 10517
2278 4.4536867147013899 4.64177848019499 169.02762589708433 155 166 132 0.017595748170176409 11 10452 6 10526
2279 4.4536867147013899 4.64177848019499 169.02762589708433 155 166 132 0.017595748170176409 11 10453 6 10527
2284 3.7940696839376322 4.9239474150267917 169.17425140215164 221 228 198 0.094592445271174427 11 10469 6 10536
2285 4.6761770575167265 4.9894130281279212 169.10853249603372 188 197 175 0.13002957722731229 11 10473 6 10540
2286 10.120534764861169 4.9961969380219218 168.47971403387362 107 108 90 0.4849452208196553 11 10486 6 10543
2292 5.3819198865670073 5.3151661378445922 168.98001041682002 37 39 26 0.46821429504720102 11 10498 6 10558
2293 10.060838615961849 5.2773903894194429 168.02236084605786 111 110 90 0.18036343297047436 11 10504 6 10560
2297 9.6706138969135598 5.494208628431215 168.27238100643783 126 123 108 0.19927268002261672 11 10516 6 10572
2298 9.6706138969135598 5.494208628431215 168.27238100643783 126 123 108 0.19927268002261672 11 10517 6 10573
2303 9.5655860759280564 5.8149737174534986 168.42810177710678 46 43 34 0.2944491281656097 11 11449 6 10589
2306 10.667896144834417 6.1381089324692457 168.45917915385058 205 208 165 0.021341283139546571 11 10549 6 10609
2308 10.032622981345927 6.1571105950323526 168.49918853187756 116 116 92 0.41577187043295138 11 10548 6 10611
2318 9.9610020622531863 7.376219776772615 168.84792008372403 115 115 91 0.063042468743431543 11 10624 6 10661
2334 9.6620234516336261 8.6862149977554104 168.13495645303362 119 116 96 0.49023820185011058 11 10689 6 10720
2339 10.240416348455254 9.0385478243461037 168.03268370823486 113 108 86 0.5841973430454821 11 11516 6 10738
2345 9.5804621339549545 9.5913087338749001 168.05279933368666 149 140 111 0.18437969117779424 11 10748 6 10762
2349 10.205725112343149 9.6558838840199535 168.30056437429255 127 120 91 1.1604913601319486 11 10752 6 10768
2350 10.205725112343149 9.6558838840199535 168.30056437429255 127 120 91 1.1604913601319486 11 10753 6 10769
2355 10.178698885418632 9.9607456030435415 168.05291744896019 144 134 99 0.31426039735443456 11 10773 6 10785
2362 8.4230764816683728 10.222657465424875 168.23793297838299 49 49 25 0.18919684478390386 11 11567 6 10801
2374 7.1959857501394735 11.21617829725724 168.45184941853856 50 53 34 0.20750205554140094 11 10858 6 10853
2378 5.5325002860099746 11.340120055405528 168.06401443854992 47 49 27 0.30083255031192441 11 10866 6 10860
2379 5.943783353596948 11.334766306806566 168.15763193530015 69 69 43 0.077743183429515833 11 10867 6 10861
2380 8.4127536277730943 11.352807304191236 168.50660717184942 27 26 23 0.14291644590430647 11 10874 6 10863
2381 8.4127536277730943 11.352807304191236 168.50660717184942 27 26 23 0.14291644590430647 11 10875 6 10864
2389 5.5188590937857933 11.576893061369789 168.25077172387967 197 197 171 0.16750867336322312 11 10882 6 10879
2397 8.7463182381302822 11.784475399286157 168.03833032662587 26 25 21 0.31580849298501956 11 11621 6 10904
2399 7.3174061752223567 11.852114140587853 168.19404168223593 212 212 202 0.055523835792405551 11 10908 6 10907
2405 7.2656987946237157 12.2443585638709 167.94466928260158 217 218 206 0.047501962367371323 11 10932 6 10933
2407 6.4282273165610038 12.660181328164114 167.76538796211588 29 30 24 0.063786055326043561 11 10948 6 10948
2408 6.6727711830259411 13.023041881563898 167.91948641073367 61 61 59 0.32077812513412735 11 10964 6 10962
2409 6.6727711830259411 13.023041881563898 167.91948641073367 61 61 59 0.32077812513412735 11 10965 6 10963
2411 6.4530479753862382 13.076603836212801 168.09381650396304 8 8 6 0.20162629850838781 11 10967 6 10966
2415 6.3686152257018387 13.342778194472027 168.57814629888759 75 76 70 0.68015496634728112 11 10978 6 10980
2416 7.5692054331990581 13.26534966071204 167.9608510675987 166 164 144 0.25497902842448572 11 10979 6 10981
2417 7.5692054331990581 13.26534966071204 167.9608510675987 166 164 144 0.25497902842448572 11 10980 6 10982
2418 8.7648993834045257 13.464888039729818 167.74728657682695 180 173 154 0.31982729690869816 11 11003 6 10987
2422 5.5901623050661016 13.600216205703369 167.70982298683199 37 37 37 0.13423014747937007 11 11000 6 10993
2423 5.8535727767924035 13.64480645507045 167.93427620726848 44 44 44 0.14734972405391034 11 11001 6 10994
2429 6.3609050475354394 13.767120708315232 167.83239423822391 42 42 42 0.035694217539830694 11 11009 6 11009
2436 8.3747143141725768 14.185572758867181 167.59252816369292 188 183 153 0.062213808286531933 11 11029 6 11041
2439 6.0962673768381901 14.409597898842998 167.81978163429719 42 42 44 0.21663756838639164 11 11034 6 11049
2440 5.7369212057775449 14.535633829636938 167.33968710970376 45 46 48 0.14018882170437691 11 11042 6 11055
2444 7.2246499210614195 14.896804963143842 167.65195869078198 93 94 96 0.14230187574051367 11 11050 6 11073
2446 7.072449605191963 15.103505418577912 167.80099151067427 38 38 38 0.16575246746817623 11 11057 6 11080
2451 6.7761093188419581 15.761106669079082 166.01007292098492 51 53 49 2.2509509774676326 11 11763 6 11115
2467 6.4550454904352295 16.974093214490981 167.14677675388185 70 71 66 0.29062627558911747 11 11164 6 11164
2483 -2.0914918825069506 -13.900187765062991 169.86148935215004 173 171 172 0.06779216475769001 11 11247 6 11236
2484 -3.7613360401462632 -13.06388252272103 170.09251944513372 164 163 161 0.50000217842481354 11 11248 6 11237
2485 -3.7613360401462632 -13.06388252272103 170.09251944513372 164 163 161 0.50000217842481354 11 11249 6 11238
2487 -4.04761594036282 -11.860780987123558 170.63280660972268 171 167 166 0.11268419736116655 11 11848 6 11245
2488 1.1778414433764399 -7.4478153494455386 169.95162132671689 188 179 170 0.54138228823137247 11 11257 6 11246
2489 1.513852221727475 -5.6651467625367964 170.54155645820094 126 124 127 0.58825980500455888 11 10028 6 11249
2490 0.518572102422307 -5.4044989141653952 168.70463421094581 118 116 119 0.32800930877977685 11 11263 6 11250
2491 -1.2337915477915455 -5.0244085395976983 169.49182251839409 38 34 34 0.015656475375308919 11 11265 6 11253
2497 1.0735207998892022 -2.528241400431448 168.43434966121936 24 23 21 0.47451322515503097 11 11275 6 11268
2498 2.6895242321665229 -2.3301648880403372 169.07018393969255 28 27 25 0.15652679095076927 11 11276 6 11271
2499 2.6895242321665229 -2.3301648880403372 169.07018393969255 28 27 25 0.15652679095076927 11 11277 6 11272
2501 1.737316689000223 -1.9443353141860635 169.81214574558658 47 46 42 0.51468992542778924 11 11279 6 11275
2503 2.2052775810911167 -1.8378215898852086 169.40173774048631 17 16 12 0.049856420965241927 11 11280 6 11278
2505 10.057358277706234 -1.2509744243638905 168.64206477749752 105 100 106 2.1873002768925893 11 7649 6 11286
2506 1.4086939297199197 -1.0602810135385194 170.09491729651614 12 11 7 1.0147880651971728 11 11285 6 11292
2507 2.1897652530930003 -0.86425074274922153 169.44036581172909 198 201 174 0.024232077929403 11 11287 6 11295
2508 2.1897652530930003 -0.86425074274922153 169.44036581172909 198 201 174 0.024232077929403 11 11288 6 11296
2509 1.3683805994790075 -0.62864659519297328 169.74746914489833 14 11 6 0.090945087208956443 11 11295 6 11300
2510 2.2244644941288052 -0.53301274795438192 169.62961915504184 31 28 19 0.95385692032188218 11 11301 6 11303
2513 9.9553992377498268 -0.21769762807996085 167.81686146001488 119 110 111 2.1425090457527363 11 11307 6 11313
2514 1.3309054685346053 0.025567166709240641 169.19993357738443 15 12 5 0.080283956738765441 11 11313 6 11317
2524 10.122356933723777 2.461704747121201 169.07931237003186 65 50 21 0.0566769319254719 11 10315 6 11360
2526 6.2778936788084341 2.8113120663370514 168.21760511780235 196 167 127 0.41470564304555724 11 10341 6 11370
2535 7.249362268503643 3.3710557470957396 169.13726584935907 185 156 112 0.011695982939442904 11 11410 6 11391
2537 7.8147708237870459 3.4276805720083909 169.24300216148688 183 152 108 0.0029394956392493404 11 11950 6 11395
2540 8.7213378142328111 3.8910811643588765 168.73836540106041 231 242 221 0.022164532590829959 11 11419 6 11404
2544 4.7448644220105267 4.6744498276279094 168.90809778631547 37 46 26 0.13259100855645245 11 11431 6 11413
2545 5.5520872165649298 4.69719789521975 168.84181105519508 66 69 48 0.34542866407908335 11 11432 6 11414
2546 5.9899343738166646 4.7110125030269874 169.08725667938486 224 230 216 0.092685241368141241 11 11433 6 11415
2547 5.9899343738166646 4.7110125030269874 169.08725667938486 224 230 216 0.092685241368141241 11 11434 6 11416
2552 5.010574992066025 5.154321756760317 169.01168616248151 36 45 25 0.0067414759630501182 11 11440 6 11423
2574 8.5507520609848786 8.6247990591420383 168.54007501770525 29 28 23 0.24411710955817162 11 11501 6 11477
2575 10.800264468446077 8.5788964066720741 167.79742669413432 122 116 82 0.42932512067346085 11 11506 6 11478
2576 10.800264468446077 8.5788964066720741 167.79742669413432 122 116 82 0.42932512067346085 11 11507 6 11479
2593 7.2933187226466289 10.67954209475158 168.85858852564513 39 40 26 0.18487161145665137 11 12051 6 11553
2596 9.5846693034255015 10.803826143020677 167.77813731357415 191 185 127 0.19162061110236817 11 11595 6 11562
2597 6.6179832386198258 11.023422468296266 168.74015076300648 66 66 56 0.21800796901736341 11 11593 6 11571
2598 7.5840894924947628 10.956617324380735 168.35554119782188 44 44 34 0.09883691662706684 11 11594 6 11572
2601 8.4836210909010266 11.579542715263965 167.42694427120716 64 63 59 0.4676159693668851 11 11613 6 11592
2603 7.0496063259519035 11.673640980667642 168.13563581993287 27 29 16 0.038135411965356539 11 12073 6 11595
2606 8.258621654443159 11.807433941371668 168.13125373492298 37 36 31 0.0087353298806381093 11 11620 6 11602
2609 8.1975251536610596 12.256644905074308 167.9400168726595 17 16 12 0.02013204394335618 11 11635 6 11615
2611 8.7009080465095288 12.277863077442262 168.03889532668765 36 37 32 0.26114730850907764 11 11638 6 11619
2618 6.1506844974180126 12.915755951271327 168.20449623805985 48 50 45 0.097850542124777562 11 11658 6 11653
2619 8.9281216360650557 12.838834488694955 167.43991735257447 141 141 117 0.15181370241952491 11 11665 6 11657
2620 8.9281216360650557 12.838834488694955 167.43991735257447 141 141 117 0.15181370241952491 11 11666 6 11658
2632 7.4677106690661406 14.461500934426416 167.73344948343373 186 182 158 0.020545126681960159 11 11722 6 11711
2635 6.2831440501139921 15.311198295212984 166.9258496975786 56 56 56 0.66857680115864615 11 11738 6 11728
2640 6.2055987309862886 15.963904066499484 167.46023181508832 58 58 56 0.11871578155121776 11 11760 6 11742
2668 -4.6684560487876068 -12.565621793230996 169.89832345217323 190 189 185 0.17619000931562184 11 11842 6 11829
2669 -1.5808440456283392 -12.207747545476826 169.92885161060789 166 164 165 1.5260349792151278 11 11845 6 11831
2670 -2.0848556112575554 -11.972384343075333 170.65159087100534 181 179 180 0.034392057667463657 11 11847 6 11832
2671 5.1260014778479261 -5.9189595177178402 168.92736845228222 207 197 185 0.51638690679048826 11 11260 6 11836
2672 -0.69294452543480711 -5.0781922973363223 169.63771141802798 30 26 24 0.075188460901330995 11 11855 6 11837
2676 2.9695933058817072 -1.947288964524005 169.70617390017395 110 108 113 0.82679541684833957 11 11872 6 11851
2679 2.8316140762623965 0.40868785857229301 169.50370002195257 236 204 93 0.16156273571044621 11 11895 6 11877
2683 2.3229400028645197 2.3920061552526977 169.30708183867088 40 33 17 0.35321926005284598 11 11927 6 11899
2684 6.1499724956631754 2.5332631334722762 169.29682113483602 236 237 233 0.056798283055688015 11 11930 6 11901
2685 6.1499724956631754 2.5332631334722762 169.29682113483602 236 237 233 0.056798283055688015 11 11931 6 11902
2694 5.7216813019507198 3.999185645413724 169.3777398873861 53 57 40 0.39639271471786824 11 11955 6 11928
2696 7.4241706671504302 4.1858552689872566 168.81381586322755 213 218 188 0.19977447455046965 11 11958 6 11930
2697 3.8620104444509566 4.5339251971039003 169.09145525259581 190 194 167 0.060726149485764207 11 11962 6 11932
2699 4.1482380624658166 4.8137505057517957 169.08830915395151 33 39 22 0.0039658726228420892 11 11970 6 11938
2700 5.4443454630169201 5.0629837415212817 168.97057906683787 239 244 231 0.057407044286238579 11 11976 6 11941
2707 10.952571841379209 6.6611364172946841 168.22293377687686 118 117 83 0.056442811523784789 11 11987 6 11963
2709 10.90094276643007 6.8926253162859288 167.88821233990433 122 119 84 0.81361609453013717 11 11990 6 11967
2710 10.90094276643007 6.8926253162859288 167.88821233990433 122 119 84 0.81361609453013717 11 11991 6 11968
2713 6.6252459404974422 7.9138926710769022 168.92402260381928 72 70 57 0.57584864952863568 11 12003 6 11981
2714 6.6252459404974422 7.9138926710769022 168.92402260381928 72 70 57 0.57584864952863568 11 12004 6 11982
2722 6.4684992707353919 9.7579023551050508 168.56807373501644 97 94 75 0.35307546832241388 11 12036 6 12022
2723 6.4684992707353919 9.7579023551050508 168.56807373501644 97 94 75 0.35307546832241388 11 12037 6 12023
2725 9.8307039185426515 10.346294251802972 167.99999751136113 141 130 83 0.98630484094914972 11 12047 6 12035
2731 7.4116240299090395 11.287303426924819 168.14963425297103 222 223 205 0.10074125039485546 11 12062 6 12050
2732 7.4116240299090395 11.287303426924819 168.14963425297103 222 223 205 0.10074125039485546 11 12063 6 12051
2733 9.8473696825666206 11.235217797164855 167.82519298265439 182 173 107 0.056947901176830899 11 12065 6 12053
2735 7.6635388795635242 11.72492647288702 168.21334252105603 81 82 68 0.50797629259631116 11 12076 6 12058
2739 7.9987219155903633 12.046538677863886 168.69921968915841 62 62 52 0.1442020505498148 11 12084 6 12065
2741 7.6356607110701811 12.250607590077863 168.24695304213796 51 52 47 0.25165322710378996 11 12089 6 12073
2744 8.1710131808504247 12.666531087797642 167.05290649428989 29 29 27 0.57882440008924196 11 12110 6 12087
2748 8.9200377553145831 13.179329696845466 167.76334740547517 36 38 36 0.075450483598310733 11 12130 6 12105
2780 -1.2807090738818692 -12.592633982766989 170.42690150866278 207 204 199 0.25307490733875099 11 12238 6 12210
2786 0.81026087589720019 -2.8700110750042036 169.11629122922736 99 98 104 0.038682576184873786 11 12259 6 12230
2788 2.592129614631399 -1.7770509539701171 169.5614159119821 38 37 33 0.55967781690082119 11 12265 6 12240
2789 2.4662090633495377 -0.50721155086228731 169.89852367036036 29 26 17 0.1129667669513101 11 12529 6 12247
2800 7.9552338833913998 4.4540076885456976 169.04403883515101 36 42 28 0.13384883553294163 11 12316 6 12283
2801 5.0222133737291941 4.7697700859653365 169.14839119619299 31 39 24 0.21205885326177745 11 12317 6 12284
2806 8.8915440957779612 6.248513763124099 168.41785441960687 34 33 28 0.36018613535377464 11 12332 6 12293
2807 4.1397709013953286 6.8612924450733503 168.59793049848199 31 32 18 0.23845097404419469 11 12333 6 12295
2808 6.7240461444517532 6.8850542712618363 169.24518187690308 67 65 52 1.3868879602604927 11 12334 6 12296
2810 4.7588476137239439 7.4460910636356035 169.18106778081426 54 54 42 0.52611146526627983 11 12338 6 12299
2815 8.5473140712696818 9.7869291561240495 168.62277972539698 43 40 31 0.58066850366177936 11 12365 6 12323
2816 9.1403798496147175 10.293220673338267 168.35847964851266 39 40 26 0.033997390654994866 11 12573 6 12333
2820 6.44322680193671 11.393358020736734 168.00368530097469 37 37 29 0.21384735123768997 11 12380 6 12342
2831 6.2357587855349905 15.666297853286911 167.66128206910975 14 14 14 0.057401754579623841 11 12433 6 12393
2832 6.2357587855349905 15.666297853286911 167.66128206910975 14 14 14 0.057401754579623841 11 12434 6 12394
2840 -6.6799820428663255 -14.924354754203835 169.00550971321204 176 176 176 0.64189929136594637 11 12494 6 12447
2842 -6.4529660665135671 -13.898737362914236 170.00518620350309 213 209 206 0.35314550615004475 11 12650 6 12450
2844 -3.7952841598529847 -13.484761369838358 170.05674499585822 189 186 181 0.36692324979026153 11 12499 6 12452
2846 -2.2132291020509016 -7.6568777738886373 170.18534849215774 169 161 158 0.78598125846330402 11 12508 6 12457
2847 0.62296618281128524 -7.6594645390705631 170.26686833934244 146 144 147 0.0022831923139525478 11 12509 6 12458
2848 -0.87678165619820903 -7.3708299217298601 170.82475307186735 197 187 175 0.99271306565384809 11 12510 6 12460
2849 0.1328868411208014 -7.4019326553383049 170.6289820516447 198 188 178 0.51149910286445466 11 12511 6 12461
2850 1.7147417745667166 -6.062799594299797 169.48660714896059 185 178 170 0.13070067722336909 11 12514 6 12463
2861 9.0493601429724322 2.6262760997668018 169.60896422149438 201 160 104 0.45063283320869685 11 12546 6 12486
2866 3.9686498237624139 3.9844039707496792 169.10594941266814 57 52 47 0.26742781673570198 11 12552 6 12493
2867 6.7817871040985498 5.503765928315036 169.01393367327555 70 68 55 0.69246281837615964 11 12555 6 12497
2883 5.2071022877026492 12.071026008842383 167.23236377944113 24 26 15 0.17298602804349739 11 12588 6 12535
2884 7.2903667662413172 12.086185487667516 168.41450067755946 121 120 99 0.14605630646814094 11 12589 6 12536
2885 7.2903667662413172 12.086185487667516 168.41450067755946 121 120 99 0.14605630646814094 11 12590 6 12537
2892 7.7369504953757913 13.461325094920339 167.9341492364571 170 165 135 0.32745338004334934 11 12736 6 12547
2893 7.7369504953757913 13.461325094920339 167.9341492364571 170 165 135 0.32745338004334934 11 12737 6 12548
2907 6.3792848451616431 17.580516473752677 166.80919100717281 13 15 10 0.33036765684014646 11 12637 6 12598
2910 -1.7138068416829126 -13.299017497698301 169.4863499400993 196 192 189 0.39569649331634671 11 12652 6 12612
2914 0.32631509205598286 -6.1591618144912257 169.08478430255778 172 165 158 1.0312360623815167 11 12662 6 12622
2922 2.9554591514465045 1.5249459396193057 169.15374448272127 225 190 67 0.021133754820609203 11 12677 6 12640
2923 5.5886401030950683 1.7272133750963046 169.14387332392383 236 251 74 0.10589565677182142 11 12678 6 12641
2930 8.2887039324968939 3.9084407185967236 168.77686853520581 185 202 157 0.048990062799872253 11 12694 6 12655
2931 7.4205230440692391 3.957377658322931 169.40405490490727 174 179 139 1.1053333090265913 11 12693 6 12657
2933 7.2489024707765557 6.1792960288069718 168.81370667831794 24 26 15 1.0608739310020752 11 12699 6 12662
2934 10.008719208044411 7.6553198873200818 168.91165868882132 108 108 82 1.2637952280453837 11 12702 6 12664
2938 6.9418082938973953 10.529482371574929 168.07096623565647 55 57 44 0.14746007953581741 11 12723 6 12679
